r u1 u2 u3 u4 u5 v1 v2 v3 v4 v5
0 0.00025297 0.00014133 0.00016383 0.00018707 0.00020874 70 70 70 70 70
0.5 0.00025937 0.00017042 0.00017155 0.00019148 0.00020868 70 70 70 70 70
1 0.00026019 0.00019234 0.00017851 0.00019609 0.00021053 70 70 70 70 70
1.5 0.0002564 0.00021097 0.00018574 0.00020145 0.00021429 70 70 70 70 70
2 0.00024879 0.00022675 0.00019357 0.00020793 0.00022039 70 70 70 70 70
2.5 0.00023827 0.00024 0.00020232 0.00021599 0.00022946 70 70 70 70 70
3 0.00022592 0.00025117 0.00021242 0.0002264 0.00024222 70 70 70 70 70
3.5 0.00021292 0.00026095 0.00022438 0.00023971 0.00025956 70 70 70 70 70
4 0.00020055 0.00027019 0.00023881 0.00025678 0.00028249 70 70 70 70 70
4.5 0.00019021 0.00027994 0.00025648 0.00027867 0.00031213 70 70 70 70 70
5 0.00018333 0.00029137 0.00027823 0.00030657 0.00034979 70 70 70 70 70
5.5 0.0001814 0.00030577 0.00030509 0.00034179 0.00039692 70 70 70 70 70
6 0.00018591 0.00032451 0.0003382 0.00038579 0.0004552 70 70 70 70 70
6.5 0.00019833 0.00034904 0.00037889 0.00044018 0.00052657 70 70 70 70 70
7 0.0002201 0.00038088 0.00042867 0.00050678 0.00061325 70 70 70 70 70
7.5 0.00025258 0.00042162 0.00048927 0.00058765 0.00071789 70 70 70 70 70
8 0.00029704 0.00047296 0.00056266 0.00068519 0.00084356 70 70 70 70 70
8.5 0.00035473 0.00053674 0.00065114 0.00080214 0.00099394 70 70 70 70 70
9 0.00042683 0.00061501 0.00075732 0.00094176 0.0011734 70 70 70 70 70
9.5 0.00051458 0.00071007 0.00088425 0.0011079 0.0013872 70 70 70 70 70
10 0.00061931 0.00082453 0.0010355 0.0013051 0.0016416 70 70 70 70 70
10.5 0.00074258 0.00096146 0.0012151 0.0015387 0.0019442 70 70 70 70 70
11 0.00088628 0.0011244 0.001428 0.0018154 0.002304 70 70 70 70 70
11.5 0.0010528 0.0013177 0.0016799 0.002143 0.002732 70 70 70 70 70
12 0.001245 0.0015461 0.0019776 0.0025306 0.0032413 70 70 70 70 70
12.5 0.0014667 0.0018156 0.0023291 0.0029896 0.0038476 70 70 70 70 70
13 0.0017227 0.0021331 0.002744 0.0035334 0.0045699 70 70 70 70 70
13.5 0.0020186 0.002507 0.0032336 0.0041779 0.005431 70 70 70 70 70
14 0.0023614 0.0029469 0.0038114 0.0049423 0.0064582 70 70 70 70 70
14.5 0.0027598 0.0034645 0.0044935 0.0058494 0.0076842 70 70 70 70 70
15 0.0032239 0.0040734 0.0052991 0.0069267 0.0091485 70 70 70 70 70
15.5 0.0037658 0.0047901 0.0062511 0.0082067 0.010898 70 70 70 70 70
16 0.0043999 0.0056336 0.0073766 0.0097284 0.01299 70 70 70 70 70
16.5 0.0051431 0.006627 0.008708 0.011538 0.015492 70 70 70 70 70
17 0.0060153 0.0077973 0.010284 0.013692 0.018486 70 70 70 70 70
17.5 0.0070398 0.0091765 0.012149 0.016255 0.022069 70 70 70 70 70
18 0.0082441 0.010803 0.01436 0.019308 0.026359 70 70 70 70 70
18.5 0.0096604 0.012721 0.016979 0.022943 0.031497 70 70 70 70 70
19 0.011327 0.014984 0.020085 0.027275 0.037653 70 70 70 70 70
19.5 0.013288 0.017656 0.023767 0.032438 0.045028 70 70 70 70 70
20 0.015595 0.020811 0.028136 0.038591 0.053869 70 70 70 70 70
20.5 0.018312 0.024537 0.033319 0.045929 0.064468 70 70 70 70 69.499
21 0.02151 0.02894 0.039471 0.05468 0.074812 70 70 70 70 69.008
21.5 0.025277 0.034144 0.046773 0.065118 0.084914 70 70 70 69.55 68.526
22 0.029712 0.040295 0.055444 0.075317 0.094785 70 70 70 69.108 68.054
22.5 0.034936 0.047567 0.06574 0.085289 0.10444 70 70 69.604 68.674 67.589
23 0.04109 0.056167 0.075812 0.095043 0.11387 70 70 69.216 68.248 67.133
23.5 0.048341 0.06634 0.085668 0.10459 0.12311 70 69.657 68.833 67.829 66.685
24 0.056885 0.0763 0.095318 0.11393 0.13216 70 69.32 68.457 67.416 66.244
24.5 0.066955 0.086056 0.10477 0.12309 0.14101 69.7 68.988 68.086 67.01 65.81
25 0.076824 0.095616 0.11403 0.13206 0.1497 69.404 68.661 67.721 66.61 65.382
25.5 0.086498 0.10499 0.12311 0.14085 0.15821 69.112 68.338 67.361 66.215 64.961
26 0.093791 0.11199 0.12983 0.14729 0.16437 68.826 68.023 67.008 65.828 64.548
26.5 0.098752 0.11666 0.13422 0.15141 0.16822 68.546 67.713 66.661 65.449 64.142
27 0.10143 0.11905 0.13635 0.15327 0.16983 68.271 67.41 66.321 65.076 63.743
27.5 0.10186 0.11921 0.13625 0.15291 0.16921 68.001 67.112 65.987 64.709 63.352
28 0.10009 0.11718 0.13396 0.15037 0.16643 67.737 66.82 65.658 64.349 62.967
28.5 0.098363 0.11519 0.13172 0.14789 0.16371 67.476 66.531 65.334 63.994 62.587
29 0.096674 0.11324 0.12953 0.14547 0.16105 67.217 66.246 65.013 63.642 62.211
29.5 0.095023 0.11134 0.12739 0.14309 0.15846 66.962 65.964 64.695 63.295 61.84
30 0.093409 0.10948 0.1253 0.14078 0.15591 66.71 65.686 64.382 62.951 61.473
30.5 0.09183 0.10766 0.12325 0.13851 0.15343 66.46 65.41 64.071 62.611 61.11
31 0.090285 0.10588 0.12125 0.13629 0.15099 66.212 65.138 63.763 62.274 60.751
31.5 0.088773 0.10414 0.11929 0.13411 0.14861 65.967 64.868 63.458 61.941 60.395
32 0.087293 0.10244 0.11737 0.13199 0.14628 65.724 64.601 63.156 61.61 60.043
32.5 0.085844 0.10077 0.11549 0.1299 0.144 65.483 64.336 62.856 61.283 59.694
33 0.084426 0.099133 0.11365 0.12786 0.14176 65.244 64.072 62.559 60.958 59.348
33.5 0.083036 0.097532 0.11185 0.12586 0.13957 65.007 63.81 62.265 60.637 59.005
34 0.081675 0.095963 0.11008 0.12391 0.13742 64.772 63.549 61.972 60.317 58.665
34.5 0.080342 0.094427 0.10835 0.12199 0.13532 64.539 63.29 61.682 60 58.328
35 0.079035 0.092921 0.10666 0.12011 0.13326 64.307 63.032 61.393 59.686 57.993
35.5 0.077755 0.091445 0.10499 0.11827 0.13124 64.077 62.776 61.106 59.374 57.661
36 0.0765 0.089998 0.10337 0.11646 0.12926 63.848 62.521 60.822 59.064 57.331
36.5 0.075269 0.088579 0.10177 0.11469 0.12732 63.621 62.267 60.538 58.755 57.003
37 0.074063 0.087189 0.1002 0.11295 0.12541 63.395 62.015 60.257 58.449 56.678
37.5 0.072879 0.085824 0.098665 0.11125 0.12355 63.17 61.763 59.977 58.144 56.355
38 0.071719 0.084486 0.097158 0.10957 0.12171 62.947 61.513 59.698 57.842 56.033
38.5 0.07058 0.083174 0.09568 0.10793 0.11991 62.727 61.267 59.424 57.543 55.716
39 0.069463 0.081886 0.094229 0.10633 0.11815 62.511 61.024 59.153 57.249 55.404
39.5 0.068367 0.080622 0.092805 0.10475 0.11642 62.299 60.785 58.887 56.959 55.096
40 0.067292 0.079382 0.091408 0.1032 0.11472 62.091 60.55 58.624 56.673 54.792
40.5 0.066236 0.078165 0.090036 0.10168 0.11305 61.886 60.318 58.365 56.392 54.493
41 0.0652 0.07697 0.08869 0.10018 0.11142 61.685 60.09 58.11 56.114 54.198
41.5 0.064183 0.075797 0.087368 0.098716 0.10981 61.488 59.865 57.858 55.839 53.906
42 0.063185 0.074645 0.08607 0.097276 0.10823 61.293 59.643 57.609 55.569 53.619
42.5 0.062204 0.073515 0.084796 0.095862 0.10668 61.102 59.424 57.364 55.302 53.335
43 0.061241 0.072404 0.083544 0.094473 0.10516 60.915 59.209 57.122 55.039 53.055
43.5 0.060296 0.071313 0.082315 0.09311 0.10366 60.73 58.996 56.884 54.778 52.778
44 0.059367 0.070242 0.081108 0.09177 0.10219 60.548 58.786 56.648 54.522 52.505
44.5 0.058454 0.06919 0.079921 0.090454 0.10075 60.37 58.579 56.416 54.268 52.235
45 0.057558 0.068156 0.078756 0.08916 0.09933 60.194 58.374 56.186 54.018 51.969
45.5 0.056678 0.06714 0.077611 0.08789 0.097936 60.021 58.172 55.959 53.77 51.706
46 0.055812 0.066142 0.076486 0.086641 0.096567 59.851 57.973 55.735 53.526 51.446
46.5 0.054962 0.065161 0.07538 0.085414 0.095221 59.684 57.776 55.514 53.285 51.189
47 0.054127 0.064198 0.074294 0.084208 0.093898 59.517 57.582 55.296 53.046 50.935
47.5 0.053306 0.06325 0.073226 0.083023 0.092598 59.351 57.39 55.08 52.81 50.684
48 0.0525 0.06232 0.072176 0.081858 0.091321 59.187 57.2 54.866 52.577 50.436
48.5 0.051707 0.061405 0.071144 0.080713 0.090064 59.025 57.013 54.655 52.347 50.191
49 0.050929 0.060505 0.07013 0.079587 0.088829 58.864 56.828 54.446 52.119 49.948
49.5 0.050163 0.059621 0.069132 0.07848 0.087615 58.704 56.645 54.24 51.894 49.708
50 0.049411 0.058752 0.068152 0.077391 0.086421 58.547 56.463 54.036 51.671 49.471
50.5 0.048671 0.057897 0.067188 0.076321 0.085247 58.391 56.284 53.834 51.451 49.237
51 0.047944 0.057057 0.06624 0.075269 0.084092 58.237 56.107 53.635 51.232 49.005
51.5 0.04723 0.056231 0.065308 0.074234 0.082957 58.085 55.932 53.437 51.017 48.775
52 0.046527 0.055419 0.064391 0.073216 0.08184 57.934 55.759 53.242 50.803 48.548
52.5 0.045836 0.05462 0.06349 0.072215 0.080742 57.785 55.588 53.048 50.592 48.323
53 0.045157 0.053834 0.062603 0.07123 0.079662 57.638 55.418 52.857 50.383 48.1
53.5 0.044488 0.053062 0.061731 0.070262 0.078599 57.492 55.25 52.667 50.176 47.88
54 0.043831 0.052302 0.060873 0.069309 0.077554 57.348 55.084 52.48 49.971 47.662
54.5 0.043185 0.051554 0.06003 0.068372 0.076526 57.205 54.919 52.294 49.768 47.446
55 0.042549 0.050819 0.0592 0.067451 0.075515 57.064 54.756 52.11 49.567 47.232
55.5 0.041924 0.050096 0.058383 0.066544 0.074519 56.924 54.594 51.928 49.368 47.02
56 0.041309 0.049385 0.05758 0.065652 0.07354 56.785 54.434 51.747 49.171 46.811
56.5 0.040704 0.048685 0.05679 0.064774 0.072577 56.648 54.276 51.568 48.976 46.603
57 0.040109 0.047997 0.056013 0.063911 0.071629 56.512 54.119 51.391 48.782 46.397
57.5 0.039524 0.047319 0.055248 0.063061 0.070697 56.377 53.963 51.215 48.591 46.193
58 0.038948 0.046653 0.054496 0.062225 0.069779 56.243 53.809 51.041 48.401 45.991
58.5 0.038382 0.045998 0.053755 0.061402 0.068876 56.111 53.656 50.869 48.212 45.791
59 0.037824 0.045353 0.053027 0.060593 0.067988 55.979 53.504 50.698 48.026 45.592
59.5 0.037276 0.044718 0.05231 0.059796 0.067113 55.849 53.354 50.528 47.841 45.396
60 0.036737 0.044094 0.051605 0.059012 0.066253 55.72 53.205 50.36 47.658 45.201
60.5 0.036206 0.04348 0.050911 0.058241 0.065406 55.592 53.057 50.193 47.476 45.008
61 0.035684 0.042876 0.050228 0.057482 0.064572 55.465 52.91 50.028 47.296 44.816
61.5 0.035171 0.042281 0.049556 0.056735 0.063752 55.339 52.765 49.864 47.117 44.626
62 0.034666 0.041696 0.048895 0.056 0.062945 55.213 52.62 49.701 46.939 44.438
62.5 0.034169 0.04112 0.048244 0.055276 0.06215 55.089 52.477 49.54 46.764 44.251
63 0.033679 0.040554 0.047603 0.054564 0.061368 54.966 52.334 49.379 46.589 44.066
63.5 0.033198 0.039996 0.046973 0.053864 0.060599 54.843 52.193 49.22 46.416 43.882
64 0.032725 0.039448 0.046353 0.053174 0.059841 54.721 52.053 49.063 46.244 43.7
64.5 0.032259 0.038908 0.045743 0.052495 0.059096 54.6 51.913 48.906 46.074 43.519
65 0.031801 0.038377 0.045142 0.051827 0.058362 54.48 51.775 48.75 45.905 43.339
65.5 0.03135 0.037854 0.044551 0.051169 0.057639 54.361 51.637 48.596 45.737 43.161
66 0.030906 0.03734 0.043969 0.050522 0.056928 54.242 51.501 48.443 45.571 42.985
66.5 0.030469 0.036834 0.043396 0.049885 0.056229 54.124 51.365 48.291 45.405 42.809
67 0.03004 0.036335 0.042833 0.049258 0.05554 54.006 51.23 48.139 45.241 42.636
67.5 0.029617 0.035845 0.042278 0.048641 0.054862 53.89 51.096 47.989 45.078 42.463
68 0.029201 0.035363 0.041732 0.048034 0.054194 53.773 50.963 47.84 44.916 42.292
68.5 0.028792 0.034888 0.041195 0.047436 0.053538 53.658 50.831 47.692 44.756 42.121
69 0.028389 0.034421 0.040667 0.046848 0.052891 53.543 50.699 47.545 44.596 41.953
69.5 0.027993 0.033962 0.040146 0.046269 0.052255 53.429 50.569 47.399 44.438 41.785
70 0.027603 0.03351 0.039635 0.045699 0.051628 53.315 50.438 47.253 44.28 41.618
70.5 0.02722 0.033065 0.039131 0.045138 0.051012 53.202 50.309 47.109 44.124 41.453
71 0.026842 0.032627 0.038635 0.044587 0.050405 53.089 50.18 46.965 43.969 41.289
71.5 0.026471 0.032196 0.038147 0.044043 0.049808 52.977 50.052 46.823 43.815 41.126
72 0.026106 0.031772 0.037667 0.043509 0.04922 52.865 49.925 46.681 43.661 40.964
72.5 0.025747 0.031355 0.037194 0.042982 0.048641 52.754 49.799 46.54 43.509 40.803
73 0.025393 0.030945 0.03673 0.042465 0.048072 52.643 49.672 46.4 43.358 40.643
73.5 0.025046 0.030541 0.036272 0.041955 0.047511 52.533 49.547 46.26 43.207 40.485
74 0.024704 0.030144 0.035822 0.041454 0.04696 52.423 49.422 46.122 43.058 40.327
74.5 0.024367 0.029753 0.035379 0.04096 0.046417 52.313 49.298 45.984 42.909 40.17
75 0.024036 0.029368 0.034943 0.040475 0.045883 52.204 49.174 45.847 42.762 40.015
75.5 0.023711 0.02899 0.034514 0.039997 0.045357 52.095 49.051 45.711 42.615 39.86
76 0.023391 0.028618 0.034092 0.039526 0.04484 51.986 48.929 45.575 42.469 39.707
76.5 0.023076 0.028252 0.033677 0.039064 0.044331 51.878 48.807 45.44 42.324 39.554
77 0.022766 0.027892 0.033269 0.038609 0.04383 51.77 48.685 45.306 42.18 39.402
77.5 0.022461 0.027538 0.032867 0.038161 0.043337 51.663 48.564 45.172 42.036 39.251
78 0.022162 0.02719 0.032472 0.03772 0.042852 51.556 48.444 45.039 41.894 39.101
78.5 0.021867 0.026847 0.032083 0.037287 0.042375 51.449 48.324 44.907 41.752 38.952
79 0.021578 0.02651 0.031701 0.03686 0.041905 51.342 48.204 44.775 41.611 38.804
79.5 0.021293 0.026179 0.031325 0.03644 0.041443 51.236 48.085 44.644 41.471 38.657
80 0.021013 0.025853 0.030955 0.036028 0.040989 51.13 47.966 44.514 41.331 38.511
80.5 0.020737 0.025532 0.030591 0.035622 0.040542 51.024 47.848 44.384 41.192 38.365
81 0.020467 0.025217 0.030233 0.035222 0.040102 50.918 47.73 44.255 41.054 38.221
81.5 0.020201 0.024907 0.029881 0.03483 0.039669 50.813 47.612 44.127 40.917 38.077
82 0.019939 0.024603 0.029535 0.034443 0.039244 50.708 47.495 43.998 40.78 37.934
82.5 0.019682 0.024303 0.029195 0.034064 0.038825 50.603 47.379 43.871 40.644 37.791
83 0.019429 0.024009 0.02886 0.03369 0.038413 50.498 47.262 43.744 40.509 37.65
83.5 0.01918 0.02372 0.028531 0.033323 0.038009 50.393 47.147 43.618 40.375 37.509
84 0.018936 0.023435 0.028208 0.032961 0.03761 50.289 47.031 43.492 40.241 37.369
84.5 0.018696 0.023156 0.02789 0.032606 0.037219 50.185 46.916 43.367 40.107 37.23
85 0.018461 0.022881 0.027578 0.032257 0.036834 50.08 46.801 43.242 39.975 37.092
85.5 0.018229 0.022611 0.027271 0.031914 0.036456 49.976 46.686 43.117 39.843 36.954
86 0.018002 0.022346 0.026969 0.031577 0.036084 49.873 46.572 42.994 39.712 36.817
86.5 0.017778 0.022085 0.026672 0.031245 0.035718 49.769 46.458 42.87 39.581 36.681
87 0.017559 0.021829 0.026381 0.030919 0.035358 49.666 46.345 42.747 39.451 36.546
87.5 0.017343 0.021577 0.026094 0.030599 0.035005 49.562 46.231 42.625 39.321 36.411
88 0.017132 0.02133 0.025813 0.030284 0.034658 49.459 46.118 42.503 39.192 36.277
88.5 0.016924 0.021088 0.025536 0.029975 0.034316 49.356 46.006 42.381 39.064 36.143
89 0.016719 0.020849 0.025265 0.029671 0.033981 49.253 45.893 42.26 38.936 36.01
89.5 0.016519 0.020615 0.024998 0.029372 0.033651 49.15 45.781 42.14 38.809 35.878
90 0.016322 0.020385 0.024736 0.029079 0.033328 49.047 45.669 42.02 38.682 35.747
90.5 0.016129 0.02016 0.024479 0.028791 0.033009 48.944 45.558 41.9 38.556 35.616
91 0.01594 0.019938 0.024227 0.028508 0.032697 48.842 45.446 41.781 38.431 35.486
91.5 0.015754 0.019721 0.023979 0.028231 0.03239 48.739 45.335 41.662 38.306 35.357
92 0.015572 0.019508 0.023735 0.027958 0.032089 48.636 45.225 41.543 38.181 35.228
92.5 0.015393 0.019299 0.023496 0.02769 0.031793 48.534 45.114 41.425 38.057 35.1
93 0.015217 0.019093 0.023262 0.027427 0.031503 48.432 45.004 41.307 37.934 34.972
93.5 0.015045 0.018892 0.023032 0.02717 0.031217 48.329 44.893 41.19 37.811 34.845
94 0.014877 0.018694 0.022806 0.026916 0.030937 48.227 44.784 41.073 37.689 34.719
94.5 0.014711 0.018501 0.022585 0.026668 0.030663 48.125 44.674 40.957 37.567 34.593
95 0.014549 0.018311 0.022368 0.026424 0.030393 48.023 44.564 40.84 37.446 34.468
95.5 0.01439 0.018125 0.022155 0.026185 0.030129 47.921 44.455 40.725 37.325 34.343
96 0.014234 0.017942 0.021946 0.025951 0.029869 47.819 44.346 40.609 37.204 34.219
96.5 0.014082 0.017763 0.021741 0.025721 0.029615 47.717 44.237 40.494 37.084 34.096
97 0.013933 0.017588 0.021541 0.025496 0.029365 47.615 44.129 40.379 36.965 33.973
97.5 0.013786 0.017416 0.021344 0.025275 0.02912 47.513 44.02 40.265 36.846 33.85
98 0.013643 0.017248 0.021151 0.025058 0.02888 47.411 43.912 40.151 36.728 33.729
98.5 0.013503 0.017083 0.020963 0.024846 0.028645 47.309 43.804 40.037 36.609 33.608
99 0.013366 0.016922 0.020778 0.024638 0.028414 47.208 43.696 39.924 36.492 33.487
99.5 0.013232 0.016764 0.020597 0.024434 0.028189 47.106 43.589 39.811 36.375 33.367
100 0.0131 0.01661 0.02042 0.024235 0.027967 47.004 43.481 39.698 36.258 33.247
100.5 0.012972 0.016459 0.020246 0.024039 0.027751 46.902 43.374 39.586 36.142 33.128
101 0.012846 0.016311 0.020077 0.023848 0.027538 46.801 43.267 39.474 36.026 33.01
101.5 0.012724 0.016167 0.019911 0.023661 0.027331 46.699 43.16 39.362 35.911 32.892
102 0.012604 0.016026 0.019748 0.023478 0.027127 46.597 43.053 39.251 35.796 32.775
102.5 0.012487 0.015888 0.019589 0.023299 0.026928 46.496 42.947 39.14 35.682 32.658
103 0.012373 0.015753 0.019434 0.023124 0.026734 46.394 42.841 39.029 35.568 32.541
103.5 0.012261 0.015621 0.019283 0.022952 0.026543 46.293 42.734 38.919 35.454 32.425
104 0.012152 0.015493 0.019134 0.022785 0.026357 46.191 42.628 38.809 35.341 32.31
104.5 0.012046 0.015367 0.01899 0.022621 0.026175 46.09 42.523 38.699 35.228 32.195
105 0.011942 0.015245 0.018848 0.022462 0.025997 45.988 42.417 38.59 35.116 32.081
105.5 0.011841 0.015125 0.01871 0.022306 0.025823 45.887 42.312 38.48 35.004 31.967
106 0.011743 0.015009 0.018576 0.022153 0.025654 45.786 42.206 38.372 34.893 31.854
106.5 0.011647 0.014895 0.018445 0.022005 0.025488 45.684 42.101 38.263 34.782 31.741
107 0.011554 0.014785 0.018317 0.02186 0.025326 45.583 41.996 38.155 34.671 31.629
107.5 0.011464 0.014677 0.018192 0.021718 0.025169 45.482 41.891 38.047 34.561 31.517
108 0.011375 0.014572 0.018071 0.021581 0.025015 45.38 41.787 37.939 34.451 31.406
108.5 0.01129 0.014471 0.017953 0.021446 0.024865 45.279 41.682 37.832 34.342 31.295
109 0.011206 0.014371 0.017838 0.021316 0.024719 45.178 41.578 37.725 34.233 31.185
109.5 0.011126 0.014275 0.017726 0.021188 0.024577 45.077 41.474 37.618 34.124 31.075
110 0.011047 0.014182 0.017617 0.021064 0.024438 44.975 41.37 37.512 34.016 30.966
110.5 0.010971 0.014091 0.017511 0.020944 0.024303 44.874 41.266 37.406 33.908 30.857
111 0.010897 0.014003 0.017409 0.020827 0.024172 44.773 41.163 37.3 33.801 30.748
111.5 0.010826 0.013918 0.017309 0.020713 0.024045 44.672 41.059 37.195 33.694 30.64
112 0.010757 0.013835 0.017212 0.020603 0.023921 44.571 40.956 37.089 33.587 30.533
112.5 0.01069 0.013755 0.017119 0.020496 0.023801 44.47 40.853 36.985 33.481 30.426
113 0.010626 0.013677 0.017028 0.020392 0.023684 44.369 40.75 36.88 33.375 30.32
113.5 0.010564 0.013603 0.01694 0.020292 0.023571 44.268 40.647 36.776 33.27 30.214
114 0.010504 0.01353 0.016855 0.020194 0.023462 44.167 40.545 36.672 33.165 30.108
114.5 0.010446 0.013461 0.016773 0.0201 0.023356 44.066 40.442 36.568 33.06 30.003
115 0.01039 0.013394 0.016694 0.020009 0.023253 43.966 40.34 36.465 32.956 29.899
115.5 0.010337 0.013329 0.016618 0.019921 0.023154 43.865 40.238 36.361 32.852 29.795
116 0.010286 0.013267 0.016545 0.019836 0.023058 43.764 40.136 36.259 32.749 29.691
116.5 0.010237 0.013207 0.016474 0.019755 0.022965 43.664 40.035 36.156 32.646 29.588
117 0.01019 0.01315 0.016406 0.019676 0.022876 43.563 39.933 36.054 32.544 29.485
117.5 0.010145 0.013095 0.016341 0.0196 0.02279 43.463 39.832 35.952 32.441 29.383
118 0.010102 0.013043 0.016278 0.019528 0.022708 43.362 39.731 35.851 32.34 29.281
118.5 0.010062 0.012993 0.016218 0.019458 0.022629 43.262 39.63 35.749 32.238 29.18
119 0.010023 0.012945 0.016161 0.019391 0.022553 43.162 39.529 35.648 32.137 29.079
119.5 0.0099868 0.0129 0.016107 0.019328 0.02248 43.062 39.429 35.548 32.037 28.979
120 0.0099523 0.012857 0.016055 0.019267 0.02241 42.961 39.328 35.447 31.936 28.879
120.5 0.0099198 0.012817 0.016005 0.019209 0.022344 42.861 39.228 35.347 31.837 28.78
121 0.0098893 0.012778 0.015959 0.019154 0.02228 42.761 39.128 35.248 31.737 28.681
121.5 0.0098608 0.012742 0.015915 0.019101 0.02222 42.662 39.029 35.148 31.638 28.583
122 0.0098342 0.012709 0.015873 0.019052 0.022163 42.562 38.929 35.049 31.54 28.485
122.5 0.0098096 0.012677 0.015834 0.019005 0.022109 42.462 38.83 34.95 31.442 28.387
123 0.009787 0.012648 0.015797 0.018962 0.022058 42.363 38.731 34.852 31.344 28.29
123.5 0.0097663 0.012621 0.015763 0.01892 0.02201 42.263 38.632 34.754 31.247 28.194
124 0.0097475 0.012596 0.015732 0.018882 0.021965 42.164 38.533 34.656 31.15 28.098
124.5 0.0097306 0.012573 0.015703 0.018846 0.021923 42.065 38.435 34.558 31.053 28.002
125 0.0097156 0.012553 0.015676 0.018814 0.021884 41.965 38.337 34.461 30.957 27.907
125.5 0.0097025 0.012535 0.015652 0.018783 0.021848 41.866 38.239 34.364 30.861 27.813
126 0.0096913 0.012519 0.01563 0.018756 0.021814 41.768 38.141 34.268 30.766 27.719
126.5 0.0096818 0.012505 0.015611 0.018731 0.021784 41.669 38.044 34.172 30.671 27.625
127 0.0096743 0.012493 0.015594 0.018709 0.021757 41.57 37.946 34.076 30.577 27.532
127.5 0.0096685 0.012483 0.015579 0.018689 0.021732 41.472 37.849 33.98 30.483 27.439
128 0.0096645 0.012475 0.015567 0.018672 0.021711 41.373 37.752 33.885 30.389 27.347
128.5 0.0096624 0.012469 0.015557 0.018657 0.021692 41.275 37.656 33.79 30.296 27.256
129 0.009662 0.012466 0.015549 0.018646 0.021676 41.177 37.56 33.696 30.203 27.164
129.5 0.0096634 0.012464 0.015544 0.018636 0.021662 41.079 37.464 33.602 30.111 27.074
130 0.0096665 0.012465 0.015541 0.018629 0.021652 40.982 37.368 33.508 30.019 26.984
130.5 0.0096715 0.012467 0.01554 0.018625 0.021644 40.884 37.272 33.415 29.927 26.894
131 0.0096781 0.012472 0.015541 0.018623 0.021639 40.787 37.177 33.322 29.836 26.805
131.5 0.0096865 0.012478 0.015545 0.018624 0.021637 40.689 37.082 33.229 29.746 26.716
132 0.0096967 0.012487 0.015551 0.018627 0.021638 40.592 36.987 33.137 29.656 26.628
132.5 0.0097085 0.012497 0.015559 0.018633 0.021641 40.495 36.893 33.045 29.566 26.54
133 0.0097221 0.01251 0.01557 0.018641 0.021647 40.399 36.799 32.953 29.477 26.453
133.5 0.0097374 0.012524 0.015582 0.018652 0.021655 40.302 36.705 32.862 29.388 26.366
134 0.0097543 0.012541 0.015597 0.018665 0.021667 40.206 36.611 32.771 29.299 26.28
134.5 0.0097729 0.012559 0.015614 0.01868 0.02168 40.11 36.518 32.68 29.211 26.194
135 0.0097932 0.012579 0.015633 0.018698 0.021697 40.014 36.425 32.59 29.124 26.109
135.5 0.0098152 0.012601 0.015654 0.018718 0.021716 39.918 36.332 32.501 29.037 26.025
136 0.0098388 0.012625 0.015678 0.018741 0.021738 39.823 36.24 32.411 28.95 25.941
136.5 0.009864 0.012651 0.015703 0.018766 0.021762 39.728 36.147 32.322 28.864 25.857
137 0.0098909 0.012679 0.015731 0.018793 0.021789 39.633 36.056 32.234 28.779 25.774
137.5 0.0099194 0.012709 0.015761 0.018823 0.021819 39.538 35.964 32.146 28.694 25.691
