r u1 u2 u3 u4 u5 v1 v2 v3 v4 v5
0 2.7079e-05 3.0731e-05 3.468e-05 3.8899e-05 4.3346e-05 70 70 70 70 70
0.5 2.7284e-05 3.0974e-05 3.4968e-05 3.924e-05 4.3748e-05 70 70 70 70 70
1 2.8313e-05 3.2196e-05 3.6417e-05 4.0955e-05 4.5775e-05 70 70 70 70 70
1.5 3.0197e-05 3.4435e-05 3.9074e-05 4.4104e-05 4.9501e-05 70 70 70 70 70
2 3.2993e-05 3.7763e-05 4.3029e-05 4.8798e-05 5.5065e-05 70 70 70 70 70
2.5 3.6786e-05 4.2284e-05 4.8412e-05 5.5201e-05 6.2673e-05 70 70 70 70 70
3 4.169e-05 4.8142e-05 5.5403e-05 6.3537e-05 7.2608e-05 70 70 70 70 70
3.5 4.7854e-05 5.5521e-05 6.4233e-05 7.4098e-05 8.5239e-05 70 70 70 70 70
4 5.5463e-05 6.4655e-05 7.5195e-05 8.7255e-05 0.00010103 70 70 70 70 70
4.5 6.4748e-05 7.5833e-05 8.8654e-05 0.00010347 0.00012058 70 70 70 70 70
5 7.5989e-05 8.9408e-05 0.00010506 0.0001233 0.0001446 70 70 70 70 70
5.5 8.9526e-05 0.00010581 0.00012494 0.00014746 0.000174 70 70 70 70 70
6 0.00010577 0.00012555 0.00014898 0.00017678 0.00020985 70 70 70 70 70
6.5 0.0001252 0.00014927 0.00017796 0.00021229 0.00025349 70 70 70 70 70
7 0.00014842 0.0001777 0.00021286 0.00025523 0.00030655 70 70 70 70 70
7.5 0.00017613 0.00021174 0.00025481 0.00030711 0.00037098 70 70 70 70 70
8 0.00020915 0.00025248 0.00030523 0.00036975 0.00044919 70 70 70 70 70
8.5 0.00024849 0.0003012 0.00036578 0.00044534 0.00054408 70 70 70 70 70
9 0.00029534 0.00035944 0.00043847 0.00053653 0.00065917 70 70 70 70 70
9.5 0.00035111 0.00042904 0.00052572 0.0006465 0.00079873 70 70 70 70 70
10 0.00041749 0.00051221 0.00063043 0.00077912 0.00096794 70 70 70 70 70
10.5 0.00049648 0.00061156 0.00075606 0.00093903 0.0011731 70 70 70 70 70
11 0.00059047 0.00073024 0.00090679 0.0011318 0.0014218 70 70 70 70 70
11.5 0.00070229 0.000872 0.0010876 0.0013643 0.0017233 70 70 70 70 70
12 0.00083533 0.0010413 0.0013046 0.0016445 0.0020888 70 70 70 70 70
12.5 0.00099361 0.0012435 0.0015648 0.0019823 0.0025318 70 70 70 70 70
13 0.0011819 0.0014851 0.001877 0.0023895 0.0030688 70 70 70 70 70
13.5 0.0014059 0.0017736 0.0022515 0.0028804 0.0037198 70 70 70 70 70
14 0.0016724 0.0021181 0.0027008 0.0034722 0.0045088 70 70 70 70 70
14.5 0.0019894 0.0025296 0.0032397 0.0041856 0.0054653 70 70 70 70 70
15 0.0023665 0.003021 0.0038862 0.0050456 0.0066247 70 70 70 70 70
15.5 0.002815 0.0036079 0.0046617 0.0060823 0.00803 70 70 70 70 70
16 0.0033487 0.0043089 0.0055919 0.007332 0.0097334 70 70 70 70 70
16.5 0.0039835 0.005146 0.0067078 0.0088385 0.011798 70 70 70 70 70
17 0.0047386 0.0061458 0.0080464 0.010655 0.014301 70 70 70 70 70
17.5 0.0056369 0.0073398 0.0096521 0.012844 0.017335 70 70 70 70 70
18 0.0067054 0.0087658 0.011578 0.015483 0.021012 70 70 70 70 70
18.5 0.0079766 0.010469 0.013889 0.018664 0.02547 70 70 70 70 70
19 0.0094887 0.012503 0.01666 0.022499 0.030873 70 70 70 70 70
19.5 0.011287 0.014932 0.019985 0.027122 0.037423 70 70 70 70 70
20 0.013427 0.017833 0.023973 0.032695 0.045361 70 70 70 70 70
20.5 0.015973 0.021298 0.028757 0.039412 0.054984 70 70 70 70 69.453
21 0.019 0.025436 0.034496 0.04751 0.064607 70 70 70 70 68.907
21.5 0.022602 0.030377 0.04138 0.057272 0.07423 70 70 70 69.445 68.36
22 0.026887 0.036279 0.049638 0.067034 0.083853 70 70 70 68.89 67.813
22.5 0.031984 0.043328 0.059543 0.076797 0.093476 70 70 69.437 68.335 67.267
23 0.038047 0.051746 0.069449 0.086559 0.1031 70 70 68.873 67.781 66.72
23.5 0.04526 0.0618 0.079354 0.096321 0.11272 70 69.428 68.31 67.226 66.173
24 0.05384 0.071853 0.08926 0.10608 0.12234 70 68.856 67.747 66.671 65.626
24.5 0.064046 0.081907 0.099165 0.11584 0.13197 69.419 68.284 67.184 66.116 65.08
25 0.074253 0.09196 0.10907 0.12561 0.14159 68.838 67.712 66.62 65.561 64.533
25.5 0.084459 0.10201 0.11898 0.13537 0.15121 68.257 67.14 66.057 65.006 63.986
26 0.092451 0.10986 0.12667 0.14292 0.15863 67.678 66.57 65.496 64.453 63.442
26.5 0.098228 0.11548 0.13216 0.14827 0.16384 67.101 66.002 64.937 63.903 62.899
27 0.10179 0.1189 0.13544 0.15141 0.16686 66.526 65.436 64.379 63.354 62.358
27.5 0.10315 0.12012 0.13651 0.15235 0.16766 65.953 64.872 63.824 62.807 61.82
28 0.10229 0.11912 0.13538 0.15109 0.16627 65.382 64.31 63.271 62.262 61.283
28.5 0.10144 0.11813 0.13425 0.14984 0.16489 64.811 63.749 62.718 61.718 60.747
29 0.1006 0.11715 0.13314 0.14859 0.16353 64.241 63.187 62.165 61.173 60.21
29.5 0.099771 0.11618 0.13204 0.14736 0.16218 63.671 62.626 61.613 60.629 59.675
30 0.098946 0.11522 0.13095 0.14615 0.16083 63.101 62.065 61.061 60.086 59.139
30.5 0.098128 0.11427 0.12987 0.14494 0.1595 62.532 61.505 60.509 59.542 58.604
31 0.097318 0.11333 0.12879 0.14374 0.15819 61.963 60.945 59.958 58.999 58.069
31.5 0.096515 0.11239 0.12773 0.14255 0.15688 61.394 60.385 59.407 58.457 57.535
32 0.095719 0.11146 0.12668 0.14138 0.15559 60.826 59.826 58.856 57.914 57
32.5 0.094931 0.11055 0.12563 0.14022 0.15431 60.258 59.267 58.305 57.372 56.466
33 0.09415 0.10964 0.1246 0.13906 0.15304 59.69 58.708 57.755 56.831 55.933
33.5 0.093376 0.10874 0.12358 0.13792 0.15178 59.123 58.149 57.205 56.289 55.399
34 0.092609 0.10784 0.12256 0.13679 0.15053 58.555 57.591 56.656 55.748 54.866
34.5 0.091849 0.10696 0.12156 0.13566 0.1493 57.989 57.033 56.107 55.207 54.334
35 0.091096 0.10608 0.12056 0.13455 0.14807 57.422 56.476 55.558 54.667 53.801
35.5 0.09035 0.10521 0.11957 0.13345 0.14686 56.856 55.919 55.009 54.126 53.269
36 0.089611 0.10435 0.11859 0.13236 0.14566 56.29 55.362 54.461 53.587 52.737
36.5 0.088879 0.1035 0.11762 0.13128 0.14447 55.725 54.805 53.913 53.047 52.206
37 0.088153 0.10265 0.11666 0.1302 0.14329 55.159 54.249 53.365 52.508 51.675
37.5 0.087434 0.10182 0.11571 0.12914 0.14212 54.594 53.693 52.818 51.969 51.144
38 0.086722 0.10099 0.11477 0.12809 0.14096 54.03 53.137 52.271 51.43 50.613
38.5 0.086016 0.10017 0.11384 0.12705 0.13982 53.468 52.585 51.727 50.895 50.086
39 0.085316 0.099351 0.11291 0.12601 0.13868 52.91 52.035 51.186 50.362 49.561
39.5 0.084624 0.098544 0.11199 0.12499 0.13755 52.355 51.489 50.649 49.833 49.04
40 0.083937 0.097745 0.11109 0.12398 0.13644 51.803 50.946 50.114 49.306 48.522
40.5 0.083257 0.096953 0.11019 0.12297 0.13533 51.255 50.406 49.583 48.783 48.006
41 0.082583 0.096168 0.10929 0.12198 0.13424 50.709 49.87 49.055 48.263 47.494
41.5 0.081916 0.095391 0.10841 0.12099 0.13315 50.167 49.336 48.529 47.746 46.985
42 0.081255 0.094621 0.10754 0.12002 0.13208 49.628 48.806 48.007 47.232 46.479
42.5 0.0806 0.093858 0.10667 0.11905 0.13101 49.092 48.278 47.488 46.721 45.976
43 0.079951 0.093102 0.10581 0.11809 0.12996 48.559 47.754 46.972 46.213 45.476
43.5 0.079308 0.092354 0.10496 0.11714 0.12891 48.03 47.233 46.46 45.708 44.979
44 0.078671 0.091612 0.10412 0.1162 0.12788 47.503 46.715 45.95 45.207 44.485
44.5 0.07804 0.090877 0.10328 0.11527 0.12685 46.98 46.2 45.443 44.708 43.994
45 0.077415 0.090149 0.10245 0.11434 0.12584 46.46 45.689 44.94 44.213 43.506
45.5 0.076795 0.089428 0.10163 0.11343 0.12483 45.943 45.18 44.44 43.72 43.021
46 0.076182 0.088714 0.10082 0.11252 0.12383 45.429 44.675 43.943 43.231 42.539
46.5 0.075574 0.088006 0.10002 0.11163 0.12284 44.919 44.173 43.448 42.745 42.06
47 0.074973 0.087305 0.099221 0.11074 0.12187 44.411 43.674 42.957 42.261 41.585
47.5 0.074376 0.086611 0.098432 0.10986 0.1209 43.907 43.178 42.469 41.781 41.112
48 0.073786 0.085923 0.097651 0.10898 0.11994 43.406 42.685 41.985 41.304 40.642
48.5 0.073201 0.085242 0.096876 0.10812 0.11899 42.908 42.195 41.503 40.83 40.176
49 0.072621 0.084567 0.09611 0.10726 0.11804 42.413 41.709 41.024 40.359 39.712
49.5 0.072047 0.083899 0.09535 0.10642 0.11711 41.922 41.225 40.549 39.891 39.252
50 0.071479 0.083237 0.094598 0.10558 0.11619 41.433 40.745 40.076 39.426 38.794
50.5 0.070916 0.082581 0.093852 0.10474 0.11527 40.948 40.268 39.607 38.964 38.339
51 0.070358 0.081932 0.093114 0.10392 0.11437 40.466 39.794 39.141 38.505 37.888
51.5 0.069806 0.081289 0.092383 0.1031 0.11347 39.987 39.323 38.677 38.05 37.439
52 0.069259 0.080652 0.091659 0.1023 0.11258 39.511 38.855 38.217 37.597 36.994
52.5 0.068717 0.080021 0.090942 0.1015 0.1117 39.038 38.39 37.76 37.147 36.551
53 0.06818 0.079396 0.090232 0.1007 0.11083 38.569 37.929 37.306 36.701 36.112
53.5 0.067649 0.078777 0.089529 0.099919 0.10996 38.102 37.47 36.855 36.257 35.676
54 0.067123 0.078164 0.088832 0.099142 0.10911 37.639 37.015 36.407 35.817 35.242
54.5 0.066601 0.077557 0.088142 0.098372 0.10826 37.179 36.562 35.963 35.379 34.812
55 0.066085 0.076956 0.087459 0.097609 0.10742 36.722 36.113 35.521 34.945 34.384
55.5 0.065574 0.076361 0.086783 0.096854 0.10659 36.268 35.667 35.082 34.513 33.96
56 0.065068 0.075771 0.086113 0.096107 0.10577 35.818 35.224 34.647 34.085 33.538
56.5 0.064567 0.075188 0.085449 0.095366 0.10495 35.37 34.784 34.214 33.66 33.12
57 0.06407 0.07461 0.084793 0.094633 0.10414 34.926 34.348 33.785 33.237 32.704
57.5 0.063579 0.074037 0.084142 0.093907 0.10335 34.484 33.914 33.359 32.818 32.292
58 0.063092 0.07347 0.083498 0.093188 0.10255 34.046 33.483 32.935 32.402 31.882
58.5 0.06261 0.072909 0.08286 0.092476 0.10177 33.611 33.056 32.515 31.989 31.476
59 0.062133 0.072353 0.082229 0.091772 0.101 33.179 32.631 32.098 31.578 31.072
59.5 0.06166 0.071803 0.081603 0.091074 0.10023 32.751 32.21 31.684 31.171 30.672
60 0.061193 0.071259 0.080984 0.090383 0.099467 32.325 31.792 31.273 30.767 30.274
60.5 0.060729 0.070719 0.080371 0.089699 0.098714 31.903 31.377 30.865 30.366 29.88
61 0.060271 0.070185 0.079764 0.089021 0.097969 31.483 30.965 30.46 29.967 29.488
61.5 0.059817 0.069656 0.079163 0.088351 0.097231 31.067 30.556 30.058 29.572 29.1
62 0.059367 0.069133 0.078569 0.087687 0.0965 30.654 30.15 29.659 29.18 28.714
62.5 0.058922 0.068615 0.07798 0.08703 0.095777 30.244 29.747 29.263 28.791 28.331
63 0.058482 0.068102 0.077397 0.086379 0.095061 29.837 29.347 28.87 28.405 27.951
63.5 0.058046 0.067594 0.07682 0.085735 0.094352 29.433 28.95 28.48 28.021 27.575
64 0.057614 0.067091 0.076248 0.085097 0.09365 29.032 28.557 28.093 27.641 27.201
64.5 0.057187 0.066594 0.075683 0.084466 0.092956 28.634 28.166 27.709 27.264 26.83
65 0.056764 0.066101 0.075123 0.083841 0.092268 28.24 27.779 27.329 26.89 26.462
65.5 0.056345 0.065614 0.074569 0.083223 0.091587 27.848 27.394 26.951 26.519 26.097
66 0.055931 0.065131 0.07402 0.082611 0.090914 27.46 27.013 26.576 26.15 25.735
66.5 0.05552 0.064653 0.073478 0.082005 0.090247 27.075 26.634 26.204 25.785 25.376
67 0.055114 0.064181 0.07294 0.081405 0.089587 26.693 26.259 25.836 25.423 25.019
67.5 0.054713 0.063713 0.072409 0.080812 0.088934 26.313 25.887 25.47 25.063 24.666
68 0.054315 0.06325 0.071882 0.080225 0.088288 25.937 25.517 25.107 24.707 24.316
68.5 0.053922 0.062791 0.071361 0.079643 0.087648 25.564 25.151 24.747 24.353 23.968
69 0.053532 0.062338 0.070846 0.079068 0.087015 25.195 24.788 24.391 24.003 23.624
69.5 0.053147 0.061889 0.070336 0.078499 0.086389 24.828 24.428 24.037 23.655 23.282
70 0.052765 0.061445 0.069831 0.077936 0.085769 24.464 24.071 23.686 23.311 22.944
70.5 0.052388 0.061006 0.069332 0.077378 0.085155 24.103 23.717 23.338 22.969 22.608
71 0.052015 0.060571 0.068838 0.076827 0.084548 23.746 23.366 22.994 22.63 22.275
71.5 0.051645 0.060141 0.068349 0.076281 0.083948 23.391 23.017 22.652 22.294 21.945
72 0.05128 0.059715 0.067865 0.075741 0.083354 23.04 22.672 22.313 21.962 21.618
72.5 0.050918 0.059294 0.067386 0.075207 0.082766 22.691 22.33 21.977 21.632 21.294
73 0.05056 0.058877 0.066913 0.074678 0.082184 22.346 21.991 21.644 21.305 20.972
73.5 0.050206 0.058465 0.066444 0.074156 0.081609 22.003 21.655 21.314 20.98 20.654
74 0.049856 0.058057 0.065981 0.073638 0.08104 21.664 21.322 20.987 20.659 20.338
74.5 0.04951 0.057654 0.065523 0.073127 0.080477 21.328 20.992 20.663 20.341 20.026
75 0.049167 0.057255 0.065069 0.072621 0.07992 20.994 20.665 20.342 20.026 19.716
75.5 0.048828 0.05686 0.064621 0.07212 0.079369 20.664 20.341 20.024 19.713 19.409
76 0.048493 0.05647 0.064177 0.071625 0.078824 20.337 20.02 19.709 19.404 19.105
76.5 0.048161 0.056084 0.063738 0.071135 0.078285 20.013 19.702 19.396 19.097 18.803
77 0.047833 0.055702 0.063304 0.070651 0.077752 19.692 19.387 19.087 18.793 18.505
77.5 0.047509 0.055324 0.062875 0.070172 0.077225 19.373 19.074 18.781 18.492 18.209
78 0.047189 0.054951 0.062451 0.069699 0.076704 19.058 18.765 18.477 18.194 17.917
78.5 0.046871 0.054582 0.062031 0.06923 0.076188 18.746 18.459 18.176 17.899 17.627
79 0.046558 0.054217 0.061616 0.068767 0.075679 18.437 18.156 17.879 17.607 17.34
79.5 0.046248 0.053856 0.061206 0.068309 0.075175 18.131 17.855 17.584 17.317 17.055
80 0.045941 0.053499 0.0608 0.067856 0.074677 17.828 17.558 17.292 17.031 16.774
80.5 0.045638 0.053146 0.060399 0.067409 0.074184 17.527 17.263 17.003 16.747 16.495
81 0.045339 0.052797 0.060003 0.066966 0.073697 17.23 16.972 16.717 16.466 16.219
81.5 0.045043 0.052452 0.059611 0.066529 0.073216 16.936 16.683 16.434 16.188 15.946
82 0.04475 0.052111 0.059224 0.066097 0.07274 16.645 16.397 16.153 15.913 15.676
82.5 0.044461 0.051774 0.058841 0.065669 0.07227 16.356 16.114 15.876 15.64 15.409
83 0.044175 0.051441 0.058462 0.065247 0.071805 16.071 15.835 15.601 15.371 15.144
83.5 0.043892 0.051112 0.058088 0.06483 0.071346 15.789 15.558 15.329 15.104 14.882
84 0.043613 0.050787 0.057719 0.064417 0.070892 15.509 15.283 15.06 14.84 14.623
84.5 0.043337 0.050466 0.057353 0.06401 0.070443 15.233 15.012 14.794 14.579 14.366
85 0.043064 0.050148 0.056993 0.063607 0.07 14.959 14.744 14.531 14.32 14.112
85.5 0.042795 0.049834 0.056636 0.063209 0.069562 14.688 14.478 14.27 14.065 13.861
86 0.042529 0.049524 0.056284 0.062816 0.069129 14.42 14.216 14.013 13.812 13.613
86.5 0.042266 0.049218 0.055936 0.062427 0.068702 14.156 13.956 13.758 13.562 13.368
87 0.042006 0.048916 0.055592 0.062044 0.068279 13.894 13.699 13.506 13.314 13.125
87.5 0.041749 0.048617 0.055252 0.061665 0.067862 13.635 13.445 13.257 13.07 12.885
88 0.041496 0.048322 0.054917 0.06129 0.06745 13.379 13.194 13.01 12.828 12.647
88.5 0.041246 0.04803 0.054586 0.060921 0.067044 13.125 12.946 12.767 12.589 12.413
89 0.040998 0.047743 0.054259 0.060556 0.066642 12.875 12.7 12.526 12.352 12.181
89.5 0.040754 0.047458 0.053936 0.060195 0.066245 12.627 12.457 12.288 12.119 11.951
90 0.040513 0.047178 0.053617 0.059839 0.065854 12.383 12.218 12.052 11.888 11.724
90.5 0.040276 0.046901 0.053302 0.059488 0.065467 12.141 11.98 11.82 11.66 11.5
91 0.040041 0.046627 0.052991 0.059141 0.065085 11.902 11.746 11.59 11.434 11.279
91.5 0.039809 0.046357 0.052685 0.058799 0.064709 11.666 11.515 11.363 11.211 11.06
92 0.03958 0.046091 0.052382 0.058461 0.064337 11.433 11.286 11.138 10.991 10.844
92.5 0.039354 0.045828 0.052083 0.058127 0.06397 11.202 11.06 10.917 10.774 10.631
93 0.039132 0.045569 0.051788 0.057798 0.063608 10.975 10.837 10.698 10.559 10.42
93.5 0.038912 0.045313 0.051497 0.057474 0.06325 10.75 10.616 10.482 10.346 10.211
94 0.038695 0.04506 0.05121 0.057153 0.062898 10.528 10.399 10.268 10.137 10.006
94.5 0.038481 0.044811 0.050927 0.056837 0.06255 10.309 10.184 10.057 9.9299 9.8025
95 0.03827 0.044565 0.050648 0.056526 0.062207 10.092 9.9714 9.849 9.7256 9.6019
95.5 0.038062 0.044323 0.050372 0.056218 0.061869 9.8785 9.7619 9.6434 9.5239 9.4039
96 0.037857 0.044084 0.050101 0.055915 0.061535 9.6676 9.5551 9.4405 9.3248 9.2084
96.5 0.037654 0.043848 0.049833 0.055616 0.061206 9.4594 9.3509 9.2403 9.1282 9.0155
97 0.037455 0.043616 0.049569 0.055321 0.060882 9.254 9.1495 9.0426 8.9343 8.825
97.5 0.037258 0.043387 0.049308 0.055031 0.060562 9.0513 8.9507 8.8476 8.7428 8.6371
98 0.037064 0.043161 0.049052 0.054745 0.060247 8.8513 8.7546 8.6552 8.554 8.4517
98.5 0.036873 0.042939 0.048799 0.054462 0.059936 8.6541 8.5611 8.4653 8.3677 8.2687
99 0.036685 0.042719 0.04855 0.054184 0.05963 8.4595 8.3702 8.2781 8.1839 8.0883
99.5 0.036499 0.042503 0.048304 0.05391 0.059329 8.2676 8.182 8.0934 8.0026 7.9103
100 0.036317 0.042291 0.048063 0.053641 0.059032 8.0784 7.9964 7.9112 7.8238 7.7347
100.5 0.036137 0.042081 0.047824 0.053375 0.058739 7.8919 7.8134 7.7316 7.6475 7.5616
101 0.03596 0.041875 0.04759 0.053113 0.058451 7.708 7.633 7.5546 7.4736 7.3908
101.5 0.035785 0.041672 0.047359 0.052855 0.058168 7.5267 7.4552 7.38 7.3023 7.2225
102 0.035613 0.041471 0.047132 0.052602 0.057888 7.3481 7.2799 7.208 7.1333 7.0566
102.5 0.035444 0.041275 0.046908 0.052352 0.057614 7.1721 7.1071 7.0384 6.9668 6.8931
103 0.035278 0.041081 0.046688 0.052106 0.057343 6.9986 6.9369 6.8713 6.8027 6.7319
103.5 0.035114 0.04089 0.046471 0.051864 0.057077 6.8278 6.7693 6.7067 6.641 6.5731
104 0.034953 0.040703 0.046258 0.051626 0.056815 6.6595 6.6041 6.5445 6.4817 6.4165
104.5 0.034795 0.040518 0.046048 0.051392 0.056558 6.4938 6.4414 6.3847 6.3248 6.2623
105 0.034639 0.040337 0.045842 0.051162 0.056304 6.3306 6.2812 6.2274 6.1702 6.1105
105.5 0.034486 0.040158 0.045639 0.050936 0.056055 6.17 6.1234 6.0724 6.018 5.9608
106 0.034335 0.039983 0.04544 0.050714 0.055811 6.0118 5.9681 5.9199 5.8681 5.8135
106.5 0.034187 0.039811 0.045244 0.050495 0.05557 5.8561 5.8152 5.7696 5.7204 5.6684
107 0.034042 0.039642 0.045052 0.05028 0.055334 5.703 5.6647 5.6218 5.5751 5.5255
107.5 0.033899 0.039475 0.044863 0.05007 0.055102 5.5522 5.5166 5.4762 5.4321 5.3849
108 0.033759 0.039312 0.044677 0.049863 0.054874 5.404 5.3709 5.333 5.2912 5.2464
108.5 0.033621 0.039152 0.044495 0.049659 0.05465 5.2581 5.2276 5.1921 5.1527 5.1101
109 0.033486 0.038994 0.044317 0.04946 0.054431 5.1146 5.0865 5.0534 5.0163 4.976
109.5 0.033354 0.03884 0.044141 0.049264 0.054215 4.9736 4.9478 4.917 4.8821 4.844
110 0.033223 0.038689 0.043969 0.049072 0.054004 4.8349 4.8114 4.7828 4.7501 4.7141
110.5 0.033096 0.03854 0.0438 0.048884 0.053797 4.6985 4.6773 4.6509 4.6203 4.5864
111 0.032971 0.038395 0.043635 0.048699 0.053593 4.5645 4.5455 4.5211 4.4926 4.4607
111.5 0.032848 0.038252 0.043473 0.048518 0.053394 4.4328 4.4158 4.3936 4.367 4.337
112 0.032728 0.038112 0.043314 0.048341 0.053199 4.3034 4.2884 4.2681 4.2435 4.2154
112.5 0.032611 0.037975 0.043158 0.048167 0.053008 4.1763 4.1632 4.1448 4.1221 4.0958
113 0.032496 0.037841 0.043006 0.047997 0.052821 4.0514 4.0402 4.0237 4.0027 3.9782
113.5 0.032383 0.03771 0.042857 0.047831 0.052638 3.9287 3.9193 3.9046 3.8854 3.8626
114 0.032273 0.037582 0.042711 0.047668 0.052459 3.8082 3.8006 3.7875 3.77 3.7489
114.5 0.032165 0.037457 0.042569 0.047509 0.052284 3.6899 3.684 3.6725 3.6567 3.6372
115 0.03206 0.037334 0.042429 0.047354 0.052113 3.5738 3.5694 3.5596 3.5453 3.5273
115.5 0.031957 0.037214 0.042293 0.047202 0.051946 3.4598 3.4569 3.4486 3.4358 3.4194
116 0.031857 0.037097 0.04216 0.047053 0.051783 3.3479 3.3465 3.3396 3.3283 3.3132
116.5 0.031759 0.036983 0.042031 0.046909 0.051623 3.238 3.238 3.2325 3.2226 3.2089
117 0.031663 0.036872 0.041904 0.046767 0.051468 3.1303 3.1316 3.1274 3.1187 3.1064
117.5 0.03157 0.036763 0.041781 0.04663 0.051316 3.0245 3.0271 3.0241 3.0168 3.0057
118 0.031479 0.036658 0.041661 0.046496 0.051169 2.9208 2.9245 2.9227 2.9166 2.9067
118.5 0.031391 0.036555 0.041544 0.046365 0.051025 2.819 2.8238 2.8232 2.8182 2.8095
119 0.031305 0.036454 0.04143 0.046238 0.050885 2.7192 2.725 2.7254 2.7215 2.7139
119.5 0.031221 0.036357 0.041319 0.046114 0.050749 2.6213 2.628 2.6295 2.6265 2.62
120 0.03114 0.036262 0.041212 0.045994 0.050617 2.5252 2.5329 2.5353 2.5333 2.5277
120.5 0.031061 0.03617 0.041107 0.045878 0.050489 2.4311 2.4395 2.4428 2.4417 2.4371
121 0.030984 0.036081 0.041006 0.045765 0.050364 2.3387 2.3479 2.352 2.3517 2.348
121.5 0.03091 0.035995 0.040908 0.045655 0.050244 2.2481 2.258 2.2628 2.2634 2.2605
122 0.030838 0.035911 0.040812 0.045549 0.050127 2.1593 2.1698 2.1753 2.1766 2.1744
122.5 0.030769 0.03583 0.04072 0.045446 0.050014 2.0722 2.0833 2.0894 2.0913 2.0899
123 0.030701 0.035752 0.040631 0.045347 0.049905 1.9869 1.9984 2.005 2.0076 2.0068
123.5 0.030637 0.035676 0.040545 0.045251 0.049799 1.9031 1.915 1.9221 1.9253 1.9252
124 0.030574 0.035603 0.040463 0.045159 0.049697 1.821 1.8332 1.8408 1.8445 1.8449
124.5 0.030514 0.035533 0.040383 0.04507 0.049599 1.7405 1.753 1.7609 1.765 1.766
125 0.030456 0.035466 0.040306 0.044984 0.049505 1.6615 1.6742 1.6824 1.6869 1.6884
125.5 0.0304 0.035401 0.040233 0.044902 0.049415 1.584 1.5969 1.6053 1.6102 1.612
126 0.030347 0.035339 0.040162 0.044823 0.049328 1.5079 1.5209 1.5296 1.5348 1.537
126.5 0.030296 0.035279 0.040094 0.044748 0.049245 1.4333 1.4463 1.4552 1.4606 1.4631
127 0.030247 0.035223 0.04003 0.044676 0.049166 1.3601 1.3731 1.382 1.3876 1.3904
127.5 0.030201 0.035169 0.039968 0.044607 0.04909 1.2883 1.3011 1.3101 1.3158 1.3188
128 0.030156 0.035117 0.03991 0.044542 0.049019 1.2177 1.2304 1.2393 1.2451 1.2484
128.5 0.030115 0.035068 0.039855 0.04448 0.048951 1.1484 1.1608 1.1697 1.1756 1.179
129 0.030075 0.035022 0.039802 0.044421 0.048886 1.0803 1.0925 1.1012 1.1071 1.1106
129.5 0.030038 0.034979 0.039753 0.044366 0.048826 1.0133 1.0252 1.0338 1.0396 1.0431
130 0.030003 0.034938 0.039706 0.044315 0.048769 0.94747 0.95897 0.96732 0.97306 0.97663
130.5 0.02997 0.0349 0.039663 0.044266 0.048715 0.8827 0.89377 0.90186 0.90747 0.91102
131 0.029939 0.034864 0.039623 0.044221 0.048666 0.81894 0.82953 0.83731 0.84275 0.84625
131.5 0.029911 0.034831 0.039585 0.04418 0.04862 0.75614 0.7662 0.77363 0.77886 0.78228
132 0.029885 0.034801 0.039551 0.044141 0.048578 0.69425 0.70374 0.71077 0.71576 0.71906
132.5 0.029862 0.034774 0.03952 0.044106 0.048539 0.63321 0.64208 0.64868 0.65339 0.65654
133 0.02984 0.034749 0.039491 0.044075 0.048504 0.57296 0.58117 0.5873 0.59171 0.59467
133.5 0.029821 0.034726 0.039466 0.044046 0.048473 0.51345 0.52096 0.52659 0.53065 0.5334
134 0.029804 0.034707 0.039444 0.044021 0.048446 0.45461 0.46139 0.46648 0.47017 0.47269
134.5 0.029789 0.03469 0.039424 0.044 0.048422 0.39638 0.40239 0.40692 0.41021 0.41247
135 0.029777 0.034675 0.039408 0.043981 0.048402 0.3387 0.34391 0.34784 0.35071 0.3527
135.5 0.029767 0.034663 0.039394 0.043966 0.048385 0.28149 0.28588 0.28919 0.29162 0.2933
136 0.029759 0.034654 0.039384 0.043955 0.048373 0.22468 0.22823 0.23091 0.23287 0.23424
136.5 0.029753 0.034648 0.039377 0.043946 0.048363 0.16821 0.17089 0.17291 0.1744 0.17544
137 0.02975 0.034644 0.039372 0.043941 0.048358 0.112 0.11379 0.11515 0.11615 0.11685
137.5 0.029749 0.034643 0.039371 0.04394 0.048356 0.055954 0.056853 0.057535 0.058036 0.058388
