0 0.00014783 0.00023278 0.00018384 0.00010921 70 70 70 70
0.1 0.00014788 0.00023288 0.00018391 0.00010924 70 70 70 70
0.2 0.00014803 0.00023319 0.00018412 0.00010934 70 70 70 70
0.3 0.00014828 0.00023369 0.00018446 0.00010951 70 70 70 70
0.4 0.00014863 0.00023439 0.00018495 0.00010974 70 70 70 70
0.5 0.00014909 0.0002353 0.00018557 0.00011005 70 70 70 70
0.6 0.00014964 0.00023641 0.00018634 0.00011042 70 70 70 70
0.7 0.0001503 0.00023772 0.00018724 0.00011085 70 70 70 70
0.8 0.00015107 0.00023924 0.00018829 0.00011136 70 70 70 70
0.9 0.00015193 0.00024098 0.00018948 0.00011193 70 70 70 70
1 0.00015291 0.00024292 0.00019082 0.00011258 70 70 70 70
1.1 0.00015398 0.00024507 0.0001923 0.00011329 70 70 70 70
1.2 0.00015517 0.00024744 0.00019393 0.00011408 70 70 70 70
1.3 0.00015646 0.00025004 0.0001957 0.00011493 70 70 70 70
1.4 0.00015786 0.00025285 0.00019764 0.00011586 70 70 70 70
1.5 0.00015938 0.00025589 0.00019972 0.00011686 70 70 70 70
1.6 0.000161 0.00025916 0.00020196 0.00011794 70 70 70 70
1.7 0.00016275 0.00026267 0.00020436 0.00011908 70 70 70 70
1.8 0.0001646 0.00026641 0.00020692 0.00012031 70 70 70 70
1.9 0.00016658 0.0002704 0.00020964 0.00012161 70 70 70 70
2 0.00016867 0.00027464 0.00021253 0.00012299 70 70 70 70
2.1 0.00017089 0.00027913 0.0002156 0.00012445 70 70 70 70
2.2 0.00017323 0.00028389 0.00021883 0.000126 70 70 70 70
2.3 0.0001757 0.00028891 0.00022225 0.00012762 70 70 70 70
2.4 0.00017829 0.0002942 0.00022584 0.00012933 70 70 70 70
2.5 0.00018102 0.00029978 0.00022963 0.00013112 70 70 70 70
2.6 0.00018389 0.00030564 0.0002336 0.000133 70 70 70 70
2.7 0.00018689 0.0003118 0.00023777 0.00013497 70 70 70 70
2.8 0.00019003 0.00031826 0.00024213 0.00013703 70 70 70 70
2.9 0.00019332 0.00032503 0.0002467 0.00013918 70 70 70 70
3 0.00019676 0.00033213 0.00025148 0.00014143 70 70 70 70
3.1 0.00020034 0.00033955 0.00025648 0.00014377 70 70 70 70
3.2 0.00020408 0.00034732 0.0002617 0.00014621 70 70 70 70
3.3 0.00020798 0.00035543 0.00026714 0.00014876 70 70 70 70
3.4 0.00021205 0.00036391 0.00027282 0.0001514 70 70 70 70
3.5 0.00021628 0.00037276 0.00027873 0.00015416 70 70 70 70
3.6 0.00022068 0.00038199 0.00028489 0.00015702 70 70 70 70
3.7 0.00022525 0.00039162 0.00029131 0.00015999 70 70 70 70
3.8 0.00023001 0.00040165 0.00029799 0.00016308 70 70 70 70
3.9 0.00023496 0.00041211 0.00030493 0.00016628 70 70 70 70
4 0.00024009 0.00042301 0.00031216 0.0001696 70 70 70 70
4.1 0.00024542 0.00043435 0.00031967 0.00017305 70 70 70 70
4.2 0.00025096 0.00044616 0.00032747 0.00017662 70 70 70 70
4.3 0.0002567 0.00045846 0.00033557 0.00018033 70 70 70 70
4.4 0.00026265 0.00047125 0.00034399 0.00018416 70 70 70 70
4.5 0.00026883 0.00048456 0.00035273 0.00018813 70 70 70 70
4.6 0.00027523 0.0004984 0.0003618 0.00019225 70 70 70 70
4.7 0.00028187 0.00051279 0.00037122 0.0001965 70 70 70 70
4.8 0.00028874 0.00052775 0.00038099 0.00020091 70 70 70 70
4.9 0.00029587 0.00054331 0.00039112 0.00020547 70 70 70 70
5 0.00030325 0.00055947 0.00040163 0.00021018 70 70 70 70
5.1 0.00031089 0.00057627 0.00041253 0.00021506 70 70 70 70
5.2 0.0003188 0.00059373 0.00042384 0.0002201 70 70 70 70
5.3 0.000327 0.00061187 0.00043556 0.00022532 70 70 70 70
5.4 0.00033548 0.00063071 0.00044771 0.00023071 70 70 70 70
5.5 0.00034426 0.00065029 0.0004603 0.00023628 70 70 70 70
5.6 0.00035335 0.00067062 0.00047336 0.00024203 70 70 70 70
5.7 0.00036275 0.00069173 0.00048688 0.00024798 70 70 70 70
5.8 0.00037248 0.00071367 0.0005009 0.00025413 70 70 70 70
5.9 0.00038254 0.00073644 0.00051542 0.00026048 70 70 70 70
6 0.00039296 0.00076009 0.00053047 0.00026704 70 70 70 70
6.1 0.00040373 0.00078465 0.00054606 0.00027381 70 70 70 70
6.2 0.00041488 0.00081015 0.00056222 0.00028081 70 70 70 70
6.3 0.0004264 0.00083663 0.00057895 0.00028804 70 70 70 70
6.4 0.00043833 0.00086411 0.00059628 0.0002955 70 70 70 70
6.5 0.00045066 0.00089265 0.00061423 0.00030321 70 70 70 70
6.6 0.00046341 0.00092228 0.00063283 0.00031116 70 70 70 70
6.7 0.00047659 0.00095305 0.00065209 0.00031938 70 70 70 70
6.8 0.00049023 0.00098498 0.00067203 0.00032786 70 70 70 70
6.9 0.00050433 0.0010181 0.00069269 0.00033662 70 70 70 70
7 0.00051891 0.0010526 0.00071409 0.00034566 70 70 70 70
7.1 0.00053399 0.0010883 0.00073625 0.00035499 70 70 70 70
7.2 0.00054957 0.0011254 0.0007592 0.00036462 70 70 70 70
7.3 0.00056569 0.0011639 0.00078296 0.00037456 70 70 70 70
7.4 0.00058235 0.0012039 0.00080757 0.00038483 70 70 70 70
7.5 0.00059958 0.0012454 0.00083306 0.00039542 70 70 70 70
7.6 0.00061739 0.0012884 0.00085945 0.00040635 70 70 70 70
7.7 0.00063581 0.0013332 0.00088678 0.00041764 70 70 70 70
7.8 0.00065485 0.0013796 0.00091509 0.00042929 70 70 70 70
7.9 0.00067453 0.0014278 0.0009444 0.00044131 70 70 70 70
8 0.00069488 0.0014778 0.00097475 0.00045372 70 70 70 70
8.1 0.00071592 0.0015298 0.0010062 0.00046652 70 70 70 70
8.2 0.00073767 0.0015837 0.0010387 0.00047974 70 70 70 70
8.3 0.00076015 0.0016397 0.0010724 0.00049338 70 70 70 70
8.4 0.0007834 0.0016978 0.0011073 0.00050746 70 70 70 70
8.5 0.00080743 0.0017581 0.0011435 0.00052198 70 70 70 70
8.6 0.00083228 0.0018208 0.0011809 0.00053698 70 70 70 70
8.7 0.00085796 0.0018858 0.0012197 0.00055245 70 70 70 70
8.8 0.00088452 0.0019533 0.0012598 0.00056842 70 70 70 70
8.9 0.00091197 0.0020234 0.0013014 0.0005849 70 70 70 70
9 0.00094036 0.0020962 0.0013445 0.00060191 70 70 70 70
9.1 0.0009697 0.0021718 0.0013891 0.00061947 70 70 70 70
9.2 0.001 0.0022503 0.0014353 0.00063758 70 70 70 70
9.3 0.0010314 0.0023318 0.0014831 0.00065628 70 70 70 70
9.4 0.0010638 0.0024164 0.0015326 0.00067558 70 70 70 70
9.5 0.0010974 0.0025042 0.0015839 0.00069549 70 70 70 70
9.6 0.001132 0.0025955 0.0016371 0.00071604 70 70 70 70
9.7 0.0011679 0.0026902 0.0016921 0.00073726 70 70 70 70
9.8 0.0012049 0.0027885 0.0017491 0.00075915 70 70 70 70
9.9 0.0012432 0.0028907 0.0018081 0.00078175 70 70 70 70
10 0.0012829 0.0029968 0.0018693 0.00080507 70 70 70 70
10.1 0.0013238 0.0031069 0.0019326 0.00082914 70 70 70 70
10.2 0.0013662 0.0032213 0.0019982 0.00085398 70 70 70 70
10.3 0.00141 0.0033401 0.0020662 0.00087962 70 70 70 70
10.4 0.0014553 0.0034635 0.0021366 0.00090609 70 70 70 70
10.5 0.0015021 0.0035916 0.0022095 0.0009334 70 70 70 70
10.6 0.0015505 0.0037247 0.002285 0.0009616 70 70 70 70
10.7 0.0016006 0.003863 0.0023632 0.0009907 70 70 70 70
10.8 0.0016523 0.0040065 0.0024443 0.0010207 70 70 70 70
10.9 0.0017059 0.0041556 0.0025282 0.0010517 70 70 70 70
11 0.0017613 0.0043105 0.0026152 0.0010837 70 70 70 70
11.1 0.0018185 0.0044713 0.0027053 0.0011168 70 70 70 70
11.2 0.0018777 0.0046384 0.0027987 0.0011509 70 70 70 70
11.3 0.0019389 0.004812 0.0028954 0.0011861 70 70 70 70
11.4 0.0020023 0.0049923 0.0029955 0.0012224 70 70 70 70
11.5 0.0020678 0.0051795 0.0030993 0.0012599 70 70 70 70
11.6 0.0021355 0.0053741 0.0032069 0.0012987 70 70 70 70
11.7 0.0022055 0.0055762 0.0033183 0.0013386 70 70 70 70
11.8 0.002278 0.0057861 0.0034337 0.0013799 70 70 70 70
11.9 0.0023529 0.0060042 0.0035533 0.0014225 70 70 70 70
12 0.0024304 0.0062307 0.0036772 0.0014665 70 70 70 70
12.1 0.0025105 0.0064661 0.0038056 0.0015119 70 70 70 70
12.2 0.0025934 0.0067106 0.0039386 0.0015587 70 70 70 70
12.3 0.0026791 0.0069647 0.0040765 0.0016071 70 70 70 70
12.4 0.0027678 0.0072286 0.0042193 0.0016571 70 70 70 70
12.5 0.0028595 0.0075028 0.0043673 0.0017086 70 70 70 70
12.6 0.0029544 0.0077877 0.0045207 0.0017619 70 70 70 70
12.7 0.0030526 0.0080837 0.0046796 0.0018169 70 70 70 70
12.8 0.0031541 0.0083913 0.0048443 0.0018736 70 70 70 70
12.9 0.0032591 0.0087109 0.005015 0.0019322 70 70 70 70
13 0.0033677 0.0090429 0.0051918 0.0019927 70 70 70 70
13.1 0.0034801 0.009388 0.0053751 0.0020552 70 70 70 70
13.2 0.0035963 0.0097465 0.005565 0.0021197 70 70 70 70
13.3 0.0037165 0.010119 0.0057618 0.0021863 70 70 70 70
13.4 0.0038409 0.010506 0.0059658 0.0022551 70 70 70 70
13.5 0.0039696 0.010908 0.0061772 0.0023261 70 70 70 70
13.6 0.0041027 0.011326 0.0063963 0.0023994 70 70 70 70
13.7 0.0042404 0.011761 0.0066234 0.0024751 70 70 70 70
13.8 0.0043829 0.012212 0.0068588 0.0025533 70 70 70 70
13.9 0.0045303 0.012681 0.0071027 0.0026341 70 70 70 70
14 0.0046828 0.013169 0.0073555 0.0027174 70 70 70 70
14.1 0.0048406 0.013676 0.0076175 0.0028035 70 70 70 70
14.2 0.0050038 0.014202 0.0078891 0.0028924 70 70 70 70
14.3 0.0051727 0.014749 0.0081706 0.0029842 70 70 70 70
14.4 0.0053474 0.015318 0.0084624 0.003079 70 70 70 70
14.5 0.0055282 0.015909 0.0087648 0.003177 70 70 70 70
14.6 0.0057152 0.016524 0.0090783 0.0032781 70 70 70 70
14.7 0.0059088 0.017162 0.0094033 0.0033825 70 70 70 70
14.8 0.006109 0.017826 0.0097402 0.0034903 70 70 70 70
14.9 0.0063163 0.018516 0.010089 0.0036017 70 70 70 70
15 0.0065307 0.019233 0.010451 0.0037167 70 70 70 70
15.1 0.0067525 0.019978 0.010827 0.0038355 70 70 70 70
15.2 0.0069821 0.020753 0.011215 0.0039582 70 70 70 70
15.3 0.0072196 0.021558 0.011619 0.004085 70 70 70 70
15.4 0.0074654 0.022395 0.012037 0.0042158 70 70 70 70
15.5 0.0077198 0.023265 0.01247 0.004351 70 70 70 70
15.6 0.007983 0.024169 0.012919 0.0044906 70 70 70 70
15.7 0.0082553 0.025109 0.013385 0.0046349 70 70 70 70
15.8 0.0085372 0.026087 0.013868 0.0047838 70 70 70 70
15.9 0.0088289 0.027103 0.014368 0.0049377 70 70 70 70
16 0.0091307 0.028159 0.014887 0.0050966 70 70 70 70
16.1 0.0094431 0.029256 0.015425 0.0052607 70 70 70 70
16.2 0.0097664 0.030398 0.015983 0.0054303 70 70 70 70
16.3 0.010101 0.031584 0.016562 0.0056054 70 70 70 70
16.4 0.010447 0.032818 0.017161 0.0057863 70 70 70 70
16.5 0.010806 0.0341 0.017783 0.0059732 70 70 70 70
16.6 0.011176 0.035433 0.018428 0.0061662 70 70 70 70
16.7 0.01156 0.036819 0.019096 0.0063656 70 70 70 70
16.8 0.011957 0.03826 0.019789 0.0065716 70 70 70 70
16.9 0.012369 0.039758 0.020507 0.0067844 70 70 70 70
17 0.012794 0.041316 0.021253 0.0070042 70 70 70 70
17.1 0.013234 0.042935 0.022025 0.0072312 70 70 70 70
17.2 0.01369 0.044619 0.022826 0.0074658 70 70 70 70
17.3 0.014162 0.04637 0.023657 0.0077081 70 70 70 70
17.4 0.01465 0.04819 0.024518 0.0079585 70 70 70 70
17.5 0.015156 0.050082 0.025411 0.0082171 70 70 70 70
17.6 0.015679 0.05205 0.026337 0.0084843 70 70 70 70
17.7 0.016221 0.054096 0.027298 0.0087603 70 70 70 70
17.8 0.016781 0.056224 0.028294 0.0090455 70 70 70 70
17.9 0.017361 0.058436 0.029326 0.0093401 70 69.726 70 70
18 0.017962 0.060635 0.030397 0.0096445 70 69.453 70 70
18.1 0.018583 0.062823 0.031508 0.0099589 70 69.181 70 70
18.2 0.019227 0.064999 0.03266 0.010284 70 68.911 70 70
18.3 0.019893 0.067162 0.033854 0.010619 70 68.643 70 70
18.4 0.020582 0.069314 0.035093 0.010966 70 68.376 70 70
18.5 0.021296 0.071454 0.036377 0.011325 70 68.11 70 70
18.6 0.022035 0.073583 0.037709 0.011695 70 67.846 70 70
18.7 0.0228 0.0757 0.039091 0.012077 70 67.583 70 70
18.8 0.023592 0.077806 0.040524 0.012473 70 67.322 70 70
18.9 0.024411 0.079901 0.04201 0.012881 70 67.062 70 70
19 0.02526 0.081985 0.043551 0.013303 70 66.804 70 70
19.1 0.026138 0.084057 0.045149 0.013739 70 66.547 70 70
19.2 0.027047 0.086119 0.046807 0.014189 70 66.291 70 70
19.3 0.027989 0.08817 0.048526 0.014655 70 66.036 70 70
19.4 0.028963 0.090211 0.050309 0.015136 70 65.783 70 70
19.5 0.029972 0.092241 0.052159 0.015633 70 65.531 70 70
19.6 0.031017 0.094261 0.054077 0.016146 70 65.281 70 70
19.7 0.032098 0.096271 0.056066 0.016677 70 65.031 70 70
19.8 0.033218 0.09827 0.05813 0.017225 70 64.783 70 70
19.9 0.034377 0.10026 0.06027 0.017792 70 64.536 69.735 70
20 0.035577 0.10224 0.0624 0.018377 70 64.291 69.471 70
20.1 0.036819 0.10421 0.064519 0.018982 70 64.046 69.209 70
20.2 0.038106 0.10617 0.066627 0.019607 70 63.803 68.948 70
20.3 0.039437 0.10812 0.068725 0.020253 70 63.561 68.688 70
20.4 0.040816 0.11006 0.070813 0.020921 70 63.321 68.43 70
20.5 0.042244 0.11199 0.07289 0.021611 70 63.081 68.173 70
20.6 0.043722 0.11391 0.074958 0.022324 70 62.843 67.917 70
20.7 0.045252 0.11582 0.077015 0.02306 70 62.605 67.662 70
20.8 0.046837 0.11773 0.079062 0.023822 70 62.369 67.409 70
20.9 0.048477 0.11962 0.0811 0.024608 70 62.134 67.156 70
21 0.050176 0.1215 0.083128 0.025422 70 61.9 66.905 70
21.1 0.051935 0.12338 0.085146 0.026262 70 61.668 66.655 70
21.2 0.053756 0.12525 0.087155 0.02713 70 61.436 66.407 70
21.3 0.055642 0.1271 0.089154 0.028028 70 61.205 66.159 70
21.4 0.057595 0.12895 0.091144 0.028955 70 60.976 65.913 70
21.5 0.059616 0.1308 0.093125 0.029914 70 60.748 65.668 70
21.6 0.06171 0.13263 0.095096 0.030904 69.741 60.52 65.423 70
21.7 0.063794 0.13445 0.097059 0.031928 69.484 60.294 65.181 70
21.8 0.065868 0.13627 0.099012 0.032986 69.228 60.069 64.939 70
21.9 0.067933 0.13807 0.10096 0.03408 68.972 59.844 64.698 70
22 0.069988 0.13987 0.10289 0.03521 68.718 59.621 64.458 70
22.1 0.072034 0.14166 0.10482 0.036378 68.466 59.399 64.22 70
22.2 0.074071 0.14345 0.10674 0.037585 68.214 59.178 63.982 70
22.3 0.076099 0.14522 0.10865 0.038833 67.963 58.958 63.746 70
22.4 0.078117 0.14699 0.11055 0.040123 67.714 58.739 63.511 70
22.5 0.080127 0.14875 0.11244 0.041456 67.466 58.52 63.276 70
22.6 0.082127 0.1505 0.11432 0.042833 67.218 58.303 63.043 70
22.7 0.084119 0.15224 0.1162 0.044257 66.972 58.087 62.811 70
22.8 0.086102 0.15398 0.11807 0.045729 66.727 57.871 62.58 70
22.9 0.088077 0.1557 0.11993 0.04725 66.483 57.657 62.35 70
23 0.090043 0.15743 0.12178 0.048822 66.24 57.443 62.12 70
23.1 0.092 0.15914 0.12362 0.050447 65.999 57.231 61.892 70
23.2 0.093949 0.16084 0.12546 0.052127 65.758 57.019 61.665 70
23.3 0.095889 0.16254 0.12728 0.053863 65.518 56.809 61.439 70
23.4 0.097821 0.16423 0.1291 0.055657 65.279 56.599 61.214 70
23.5 0.099745 0.16592 0.13091 0.057512 65.042 56.39 60.989 70
23.6 0.10166 0.16759 0.13272 0.059429 64.805 56.182 60.766 70
23.7 0.10357 0.16926 0.13451 0.061411 64.569 55.975 60.543 70
23.8 0.10547 0.17093 0.1363 0.063459 64.334 55.768 60.322 69.748
23.9 0.10736 0.17258 0.13808 0.065499 64.101 55.563 60.101 69.496
24 0.10924 0.17423 0.13986 0.067531 63.868 55.358 59.882 69.246
24.1 0.11112 0.17587 0.14163 0.069553 63.636 55.155 59.663 68.997
24.2 0.11299 0.17751 0.14338 0.071568 63.405 54.952 59.445 68.748
24.3 0.11485 0.17914 0.14514 0.073574 63.175 54.75 59.228 68.501
24.4 0.1167 0.18076 0.14688 0.075572 62.947 54.549 59.012 68.255
24.5 0.11855 0.18237 0.14862 0.077562 62.719 54.348 58.797 68.01
24.6 0.12038 0.18398 0.15035 0.079543 62.491 54.149 58.583 67.765
24.7 0.12221 0.18558 0.15207 0.081517 62.265 53.95 58.37 67.522
24.8 0.12404 0.18718 0.15379 0.083483 62.04 53.752 58.157 67.28
24.9 0.12585 0.18877 0.1555 0.085441 61.816 53.555 57.946 67.039
25 0.12766 0.19035 0.1572 0.08739 61.592 53.358 57.735 66.798
25.1 0.12946 0.19193 0.1589 0.089333 61.37 53.163 57.525 66.559
25.2 0.13117 0.19341 0.1605 0.091179 61.148 52.968 57.316 66.321
25.3 0.13278 0.1948 0.16201 0.092929 60.928 52.774 57.108 66.083
25.4 0.1343 0.1961 0.16342 0.094585 60.708 52.581 56.9 65.847
25.5 0.13572 0.1973 0.16475 0.096145 60.489 52.389 56.694 65.612
25.6 0.13705 0.19842 0.16597 0.097612 60.271 52.198 56.489 65.378
25.7 0.13829 0.19944 0.16711 0.098984 60.055 52.007 56.284 65.144
25.8 0.13943 0.20038 0.16816 0.10026 59.839 51.817 56.08 64.912
25.9 0.14049 0.20122 0.16911 0.10145 59.624 51.629 55.877 64.681
26 0.14145 0.20197 0.16998 0.10254 59.41 51.44 55.675 64.45
26.1 0.14232 0.20264 0.17075 0.10354 59.196 51.253 55.474 64.221
26.2 0.1431 0.20321 0.17143 0.10445 58.984 51.067 55.274 63.993
26.3 0.14379 0.2037 0.17203 0.10527 58.773 50.881 55.075 63.765
26.4 0.14438 0.20409 0.17253 0.106 58.562 50.696 54.876 63.539
26.5 0.14489 0.2044 0.17295 0.10663 58.352 50.512 54.678 63.313
26.6 0.14531 0.20462 0.17327 0.10718 58.144 50.328 54.481 63.088
26.7 0.14564 0.20476 0.17351 0.10763 57.936 50.146 54.285 62.865
26.8 0.14589 0.20481 0.17366 0.108 57.728 49.964 54.09 62.642
26.9 0.14604 0.20477 0.17372 0.10827 57.522 49.783 53.895 62.42
27 0.1461 0.20464 0.1737 0.10846 57.317 49.603 53.702 62.199
27.1 0.14608 0.20443 0.17359 0.10856 57.112 49.423 53.509 61.979
27.2 0.14597 0.20413 0.17339 0.10857 56.909 49.244 53.317 61.76
27.3 0.14578 0.20375 0.17311 0.10849 56.706 49.066 53.125 61.541
27.4 0.14549 0.20329 0.17274 0.10833 56.504 48.889 52.935 61.324
27.5 0.14512 0.20273 0.17228 0.10808 56.302 48.712 52.745 61.107
27.6 0.14467 0.2021 0.17174 0.10774 56.102 48.536 52.556 60.891
27.7 0.14422 0.20147 0.17121 0.1074 55.902 48.361 52.367 60.677
27.8 0.14377 0.20084 0.17067 0.10707 55.703 48.186 52.18 60.462
27.9 0.14332 0.20021 0.17014 0.10673 55.505 48.012 51.993 60.249
28 0.14287 0.19959 0.16961 0.1064 55.307 47.839 51.807 60.036
28.1 0.14243 0.19897 0.16908 0.10607 55.111 47.666 51.621 59.825
28.2 0.14198 0.19835 0.16856 0.10574 54.915 47.494 51.436 59.614
28.3 0.14154 0.19773 0.16803 0.10541 54.719 47.322 51.252 59.403
28.4 0.1411 0.19712 0.16751 0.10508 54.524 47.151 51.068 59.194
28.5 0.14067 0.19651 0.16699 0.10476 54.33 46.981 50.885 58.985
28.6 0.14023 0.1959 0.16648 0.10443 54.137 46.811 50.703 58.777
28.7 0.1398 0.1953 0.16596 0.10411 53.945 46.642 50.521 58.57
28.8 0.13937 0.1947 0.16545 0.10379 53.753 46.474 50.34 58.363
28.9 0.13894 0.1941 0.16494 0.10347 53.561 46.306 50.16 58.157
29 0.13851 0.1935 0.16444 0.10315 53.371 46.139 49.98 57.952
29.1 0.13809 0.19291 0.16393 0.10284 53.181 45.972 49.801 57.748
29.2 0.13766 0.19231 0.16343 0.10252 52.992 45.806 49.623 57.544
29.3 0.13724 0.19173 0.16293 0.10221 52.803 45.64 49.445 57.341
29.4 0.13682 0.19114 0.16243 0.10189 52.615 45.475 49.268 57.139
29.5 0.13641 0.19056 0.16193 0.10158 52.428 45.311 49.091 56.937
29.6 0.13599 0.18998 0.16144 0.10127 52.241 45.147 48.915 56.736
29.7 0.13558 0.1894 0.16095 0.10096 52.055 44.984 48.74 56.536
29.8 0.13516 0.18882 0.16046 0.10066 51.87 44.821 48.565 56.337
29.9 0.13475 0.18825 0.15997 0.10035 51.685 44.659 48.391 56.138
30 0.13434 0.18768 0.15949 0.10005 51.501 44.497 48.217 55.94
30.1 0.13394 0.18711 0.159 0.099745 51.318 44.336 48.044 55.742
30.2 0.13353 0.18654 0.15852 0.099443 51.135 44.176 47.872 55.546
30.3 0.13313 0.18598 0.15804 0.099142 50.952 44.016 47.7 55.349
30.4 0.13273 0.18542 0.15757 0.098843 50.771 43.856 47.529 55.154
30.5 0.13233 0.18486 0.15709 0.098545 50.59 43.698 47.358 54.959
30.6 0.13193 0.1843 0.15662 0.098248 50.409 43.539 47.188 54.765
30.7 0.13153 0.18375 0.15615 0.097953 50.23 43.381 47.018 54.571
30.8 0.13114 0.1832 0.15568 0.097659 50.05 43.224 46.849 54.379
30.9 0.13074 0.18265 0.15521 0.097366 49.872 43.067 46.681 54.186
31 0.13035 0.1821 0.15475 0.097074 49.694 42.911 46.513 53.995
31.1 0.12996 0.18156 0.15429 0.096784 49.516 42.755 46.346 53.804
31.2 0.12957 0.18101 0.15382 0.096495 49.339 42.6 46.179 53.613
31.3 0.12919 0.18047 0.15337 0.096207 49.163 42.445 46.013 53.424
31.4 0.1288 0.17994 0.15291 0.09592 48.987 42.291 45.847 53.234
31.5 0.12842 0.1794 0.15245 0.095634 48.812 42.138 45.682 53.046
31.6 0.12804 0.17887 0.152 0.09535 48.638 41.984 45.517 52.858
31.7 0.12766 0.17834 0.15155 0.095067 48.464 41.832 45.353 52.671
31.8 0.12728 0.17781 0.1511 0.094785 48.29 41.679 45.189 52.484
31.9 0.1269 0.17728 0.15065 0.094504 48.117 41.528 45.026 52.298
32 0.12653 0.17676 0.15021 0.094224 47.945 41.376 44.864 52.113
32.1 0.12615 0.17623 0.14976 0.093946 47.773 41.226 44.702 51.928
32.2 0.12578 0.17571 0.14932 0.093668 47.602 41.075 44.54 51.743
32.3 0.12541 0.1752 0.14888 0.093392 47.431 40.926 44.38 51.56
32.4 0.12504 0.17468 0.14844 0.093117 47.261 40.776 44.219 51.376
32.5 0.12467 0.17417 0.148 0.092843 47.092 40.627 44.059 51.194
32.6 0.12431 0.17365 0.14757 0.09257 46.922 40.479 43.9 51.012
32.7 0.12394 0.17314 0.14714 0.092299 46.754 40.331 43.741 50.83
32.8 0.12358 0.17264 0.14671 0.092028 46.586 40.184 43.582 50.65
32.9 0.12322 0.17213 0.14628 0.091758 46.418 40.037 43.424 50.469
33 0.12285 0.17163 0.14585 0.09149 46.251 39.89 43.267 50.29
33.1 0.1225 0.17113 0.14542 0.091223 46.085 39.744 43.11 50.11
33.2 0.12214 0.17063 0.145 0.090956 45.919 39.598 42.954 49.932
33.3 0.12178 0.17013 0.14458 0.090691 45.753 39.453 42.798 49.754
33.4 0.12143 0.16963 0.14415 0.090427 45.589 39.308 42.642 49.576
33.5 0.12107 0.16914 0.14374 0.090164 45.424 39.164 42.487 49.399
33.6 0.12072 0.16865 0.14332 0.089902 45.26 39.02 42.332 49.223
33.7 0.12037 0.16816 0.1429 0.089641 45.097 38.877 42.178 49.047
33.8 0.12002 0.16767 0.14249 0.089381 44.934 38.734 42.025 48.871
33.9 0.11968 0.16719 0.14208 0.089123 44.771 38.591 41.872 48.697
34 0.11933 0.1667 0.14166 0.088865 44.609 38.449 41.719 48.522
34.1 0.11899 0.16622 0.14126 0.088608 44.448 38.308 41.567 48.348
34.2 0.11864 0.16574 0.14085 0.088352 44.287 38.166 41.415 48.175
34.3 0.1183 0.16527 0.14044 0.088097 44.127 38.025 41.263 48.002
34.4 0.11796 0.16479 0.14004 0.087844 43.967 37.885 41.113 47.83
34.5 0.11762 0.16432 0.13963 0.087591 43.807 37.745 40.962 47.658
34.6 0.11728 0.16384 0.13923 0.087339 43.648 37.606 40.812 47.487
34.7 0.11695 0.16337 0.13883 0.087089 43.489 37.466 40.663 47.317
34.8 0.11661 0.16291 0.13844 0.086839 43.331 37.328 40.514 47.146
34.9 0.11628 0.16244 0.13804 0.08659 43.174 37.189 40.365 46.977
35 0.11594 0.16197 0.13764 0.086342 43.016 37.051 40.217 46.807
35.1 0.11561 0.16151 0.13725 0.086095 42.86 36.914 40.069 46.639
35.2 0.11528 0.16105 0.13686 0.085849 42.703 36.777 39.922 46.471
35.3 0.11495 0.16059 0.13647 0.085605 42.548 36.64 39.775 46.303
35.4 0.11463 0.16013 0.13608 0.085361 42.392 36.504 39.628 46.136
35.5 0.1143 0.15968 0.13569 0.085118 42.237 36.368 39.482 45.969
35.6 0.11397 0.15922 0.13531 0.084876 42.083 36.232 39.337 45.803
35.7 0.11365 0.15877 0.13492 0.084634 41.929 36.097 39.191 45.637
35.8 0.11333 0.15832 0.13454 0.084394 41.775 35.962 39.047 45.471
35.9 0.11301 0.15787 0.13416 0.084155 41.622 35.828 38.902 45.307
36 0.11269 0.15743 0.13378 0.083916 41.469 35.694 38.758 45.142
36.1 0.11237 0.15698 0.1334 0.083679 41.317 35.56 38.615 44.978
36.2 0.11205 0.15654 0.13302 0.083443 41.165 35.427 38.471 44.815
36.3 0.11173 0.15609 0.13265 0.083207 41.014 35.294 38.329 44.652
36.4 0.11142 0.15565 0.13227 0.082972 40.863 35.162 38.186 44.489
36.5 0.11111 0.15522 0.1319 0.082738 40.712 35.03 38.044 44.327
36.6 0.11079 0.15478 0.13153 0.082505 40.562 34.898 37.903 44.166
36.7 0.11048 0.15434 0.13116 0.082273 40.413 34.767 37.762 44.005
36.8 0.11017 0.15391 0.13079 0.082042 40.263 34.636 37.621 43.844
36.9 0.10986 0.15348 0.13042 0.081812 40.114 34.505 37.481 43.684
37 0.10955 0.15305 0.13006 0.081582 39.966 34.375 37.341 43.524
37.1 0.10925 0.15262 0.12969 0.081354 39.818 34.245 37.201 43.364
37.2 0.10894 0.15219 0.12933 0.081126 39.67 34.116 37.062 43.206
37.3 0.10864 0.15177 0.12897 0.080899 39.523 33.986 36.923 43.047
37.4 0.10833 0.15134 0.12861 0.080673 39.376 33.858 36.785 42.889
37.5 0.10803 0.15092 0.12825 0.080448 39.23 33.729 36.647 42.731
37.6 0.10773 0.1505 0.12789 0.080224 39.084 33.601 36.509 42.574
37.7 0.10743 0.15008 0.12754 0.08 38.938 33.473 36.372 42.418
37.8 0.10713 0.14966 0.12718 0.079778 38.793 33.346 36.235 42.261
37.9 0.10683 0.14925 0.12683 0.079556 38.649 33.219 36.099 42.106
38 0.10654 0.14883 0.12648 0.079335 38.505 33.093 35.963 41.951
38.1 0.10624 0.14842 0.12613 0.079115 38.361 32.967 35.828 41.796
38.2 0.10595 0.14801 0.12578 0.078895 38.219 32.842 35.693 41.642
38.3 0.10565 0.1476 0.12543 0.078677 38.076 32.717 35.559 41.489
38.4 0.10536 0.14719 0.12508 0.078459 37.934 32.593 35.425 41.336
38.5 0.10507 0.14678 0.12473 0.078242 37.793 32.468 35.292 41.184
38.6 0.10478 0.14638 0.12439 0.078026 37.652 32.345 35.159 41.032
38.7 0.10449 0.14598 0.12405 0.077811 37.511 32.222 35.026 40.881
38.8 0.1042 0.14557 0.12371 0.077596 37.371 32.099 34.894 40.73
38.9 0.10391 0.14517 0.12336 0.077383 37.231 31.976 34.763 40.579
39 0.10363 0.14477 0.12303 0.07717 37.092 31.855 34.632 40.43
39.1 0.10334 0.14437 0.12269 0.076957 36.954 31.733 34.501 40.28
39.2 0.10306 0.14398 0.12235 0.076746 36.816 31.612 34.371 40.132
39.3 0.10278 0.14358 0.12201 0.076535 36.678 31.491 34.241 39.983
39.4 0.1025 0.14319 0.12168 0.076325 36.541 31.371 34.112 39.836
39.5 0.10221 0.1428 0.12135 0.076116 36.404 31.251 33.983 39.688
39.6 0.10193 0.14241 0.12101 0.075908 36.268 31.132 33.855 39.541
39.7 0.10166 0.14202 0.12068 0.0757 36.132 31.013 33.727 39.395
39.8 0.10138 0.14163 0.12035 0.075494 35.997 30.895 33.599 39.249
39.9 0.1011 0.14124 0.12003 0.075287 35.862 30.776 33.472 39.104
40 0.10083 0.14086 0.1197 0.075082 35.727 30.659 33.346 38.959
40.1 0.10055 0.14047 0.11937 0.074878 35.593 30.541 33.22 38.815
40.2 0.10028 0.14009 0.11905 0.074674 35.46 30.424 33.094 38.671
40.3 0.1 0.13971 0.11872 0.074471 35.327 30.308 32.969 38.528
40.4 0.099733 0.13933 0.1184 0.074268 35.194 30.192 32.844 38.385
40.5 0.099462 0.13895 0.11808 0.074066 35.062 30.076 32.719 38.242
40.6 0.099193 0.13858 0.11776 0.073865 34.931 29.961 32.595 38.101
40.7 0.098924 0.1382 0.11744 0.073665 34.799 29.846 32.471 37.959
40.8 0.098656 0.13783 0.11712 0.073466 34.669 29.731 32.348 37.818
40.9 0.098389 0.13745 0.11681 0.073267 34.538 29.617 32.226 37.678
41 0.098123 0.13708 0.11649 0.073069 34.408 29.504 32.103 37.538
41.1 0.097858 0.13671 0.11618 0.072871 34.279 29.39 31.981 37.398
41.2 0.097594 0.13634 0.11586 0.072675 34.15 29.277 31.86 37.259
41.3 0.097331 0.13598 0.11555 0.072479 34.021 29.165 31.739 37.12
41.4 0.097069 0.13561 0.11524 0.072283 33.893 29.053 31.618 36.982
41.5 0.096807 0.13524 0.11493 0.072089 33.765 28.941 31.498 36.844
41.6 0.096547 0.13488 0.11462 0.071895 33.638 28.829 31.378 36.707
41.7 0.096287 0.13452 0.11431 0.071702 33.511 28.718 31.258 36.57
41.8 0.096029 0.13416 0.114 0.071509 33.384 28.608 31.139 36.434
41.9 0.095771 0.1338 0.1137 0.071317 33.258 28.497 31.02 36.298
42 0.095514 0.13344 0.11339 0.071126 33.133 28.387 30.902 36.163
42.1 0.095259 0.13308 0.11309 0.070935 33.008 28.278 30.784 36.027
42.2 0.095004 0.13273 0.11279 0.070745 32.883 28.169 30.667 35.893
42.3 0.09475 0.13237 0.11249 0.070556 32.758 28.06 30.55 35.759
42.4 0.094497 0.13202 0.11219 0.070368 32.634 27.952 30.433 35.625
42.5 0.094244 0.13166 0.11189 0.07018 32.511 27.844 30.317 35.492
42.6 0.093993 0.13131 0.11159 0.069992 32.388 27.736 30.201 35.359
42.7 0.093742 0.13096 0.11129 0.069806 32.265 27.629 30.085 35.227
42.8 0.093493 0.13062 0.11099 0.06962 32.143 27.522 29.97 35.095
42.9 0.093244 0.13027 0.1107 0.069435 32.021 27.415 29.855 34.963
43 0.092996 0.12992 0.1104 0.06925 31.899 27.309 29.741 34.832
43.1 0.092749 0.12958 0.11011 0.069066 31.778 27.203 29.627 34.701
43.2 0.092503 0.12923 0.10982 0.068882 31.657 27.098 29.513 34.571
43.3 0.092257 0.12889 0.10953 0.0687 31.537 26.992 29.4 34.441
43.4 0.092013 0.12855 0.10924 0.068518 31.417 26.888 29.287 34.312
43.5 0.091769 0.12821 0.10895 0.068336 31.298 26.783 29.175 34.183
43.6 0.091526 0.12787 0.10866 0.068155 31.179 26.679 29.063 34.055
43.7 0.091284 0.12753 0.10837 0.067975 31.06 26.575 28.951 33.926
43.8 0.091043 0.12719 0.10809 0.067795 30.942 26.472 28.84 33.799
43.9 0.090803 0.12686 0.1078 0.067616 30.824 26.369 28.729 33.672
44 0.090563 0.12652 0.10752 0.067438 30.706 26.266 28.618 33.545
44.1 0.090324 0.12619 0.10723 0.06726 30.589 26.164 28.508 33.418
44.2 0.090087 0.12586 0.10695 0.067083 30.472 26.062 28.398 33.292
44.3 0.08985 0.12553 0.10667 0.066906 30.356 25.96 28.288 33.167
44.4 0.089613 0.1252 0.10639 0.06673 30.24 25.859 28.179 33.041
44.5 0.089378 0.12487 0.10611 0.066555 30.124 25.758 28.07 32.916
44.6 0.089143 0.12454 0.10583 0.06638 30.009 25.658 27.962 32.792
44.7 0.088909 0.12421 0.10555 0.066206 29.894 25.557 27.854 32.668
44.8 0.088676 0.12389 0.10528 0.066032 29.779 25.457 27.746 32.544
44.9 0.088444 0.12356 0.105 0.065859 29.665 25.358 27.639 32.421
45 0.088212 0.12324 0.10473 0.065687 29.552 25.258 27.532 32.298
45.1 0.087982 0.12292 0.10445 0.065515 29.438 25.16 27.425 32.176
45.2 0.087752 0.1226 0.10418 0.065344 29.325 25.061 27.319 32.054
45.3 0.087522 0.12228 0.10391 0.065173 29.213 24.963 27.213 31.932
45.4 0.087294 0.12196 0.10364 0.065003 29.1 24.865 27.108 31.811
45.5 0.087066 0.12164 0.10337 0.064833 28.988 24.767 27.002 31.69
45.6 0.086839 0.12132 0.1031 0.064664 28.877 24.67 26.897 31.57
45.7 0.086613 0.12101 0.10283 0.064496 28.766 24.573 26.793 31.45
45.8 0.086388 0.12069 0.10256 0.064328 28.655 24.476 26.689 31.33
45.9 0.086163 0.12038 0.10229 0.064161 28.544 24.38 26.585 31.211
46 0.08594 0.12007 0.10203 0.063994 28.434 24.284 26.481 31.092
46.1 0.085716 0.11975 0.10176 0.063828 28.325 24.188 26.378 30.973
46.2 0.085494 0.11944 0.1015 0.063662 28.215 24.093 26.275 30.855
46.3 0.085272 0.11913 0.10124 0.063497 28.106 23.998 26.173 30.737
46.4 0.085052 0.11882 0.10097 0.063333 27.998 23.903 26.071 30.62
46.5 0.084831 0.11852 0.10071 0.063169 27.889 23.809 25.969 30.503
46.6 0.084612 0.11821 0.10045 0.063005 27.781 23.714 25.867 30.386
46.7 0.084393 0.11791 0.10019 0.062842 27.674 23.621 25.766 30.27
46.8 0.084175 0.1176 0.099933 0.06268 27.566 23.527 25.665 30.154
46.9 0.083958 0.1173 0.099675 0.062518 27.46 23.434 25.565 30.039
47 0.083741 0.11699 0.099418 0.062357 27.353 23.341 25.465 29.923
47.1 0.083526 0.11669 0.099162 0.062196 27.247 23.249 25.365 29.809
47.2 0.08331 0.11639 0.098907 0.062036 27.141 23.156 25.265 29.694
47.3 0.083096 0.11609 0.098652 0.061876 27.035 23.064 25.166 29.58
47.4 0.082882 0.11579 0.098399 0.061717 26.93 22.973 25.067 29.467
47.5 0.082669 0.1155 0.098146 0.061558 26.825 22.882 24.969 29.353
47.6 0.082457 0.1152 0.097894 0.0614 26.721 22.791 24.871 29.24
47.7 0.082245 0.11491 0.097642 0.061242 26.617 22.7 24.773 29.128
47.8 0.082035 0.11461 0.097392 0.061085 26.513 22.609 24.675 29.015
47.9 0.081824 0.11432 0.097143 0.060929 26.409 22.519 24.578 28.903
48 0.081615 0.11402 0.096894 0.060773 26.306 22.429 24.481 28.792
48.1 0.081406 0.11373 0.096646 0.060617 26.203 22.34 24.384 28.681
48.2 0.081198 0.11344 0.096399 0.060462 26.101 22.251 24.288 28.57
48.3 0.08099 0.11315 0.096152 0.060307 25.999 22.162 24.192 28.459
48.4 0.080783 0.11286 0.095907 0.060153 25.897 22.073 24.097 28.349
48.5 0.080577 0.11258 0.095662 0.06 25.795 21.985 24.001 28.24
48.6 0.080372 0.11229 0.095418 0.059847 25.694 21.897 23.906 28.13
48.7 0.080167 0.112 0.095175 0.059694 25.593 21.809 23.811 28.021
48.8 0.079963 0.11172 0.094933 0.059542 25.493 21.722 23.717 27.912
48.9 0.079759 0.11143 0.094691 0.059391 25.393 21.635 23.623 27.804
49 0.079556 0.11115 0.09445 0.059239 25.293 21.548 23.529 27.696
49.1 0.079354 0.11087 0.09421 0.059089 25.193 21.461 23.436 27.588
49.2 0.079153 0.11059 0.093971 0.058939 25.094 21.375 23.342 27.481
49.3 0.078952 0.1103 0.093733 0.058789 24.995 21.289 23.25 27.374
49.4 0.078752 0.11003 0.093495 0.05864 24.896 21.203 23.157 27.267
49.5 0.078552 0.10975 0.093258 0.058491 24.798 21.118 23.065 27.161
49.6 0.078353 0.10947 0.093022 0.058343 24.7 21.032 22.973 27.055
49.7 0.078155 0.10919 0.092787 0.058195 24.603 20.948 22.881 26.949
49.8 0.077957 0.10892 0.092552 0.058048 24.505 20.863 22.79 26.844
49.9 0.07776 0.10864 0.092318 0.057901 24.408 20.779 22.699 26.739
50 0.077564 0.10837 0.092085 0.057755 24.312 20.695 22.608 26.634
50.1 0.077368 0.10809 0.091852 0.057609 24.215 20.611 22.517 26.53
50.2 0.077173 0.10782 0.091621 0.057464 24.119 20.527 22.427 26.426
50.3 0.076978 0.10755 0.09139 0.057319 24.023 20.444 22.337 26.322
50.4 0.076784 0.10728 0.09116 0.057175 23.928 20.361 22.248 26.219
50.5 0.076591 0.10701 0.09093 0.057031 23.833 20.279 22.158 26.116
50.6 0.076398 0.10674 0.090701 0.056887 23.738 20.196 22.069 26.013
50.7 0.076206 0.10647 0.090473 0.056744 23.643 20.114 21.981 25.911
50.8 0.076015 0.1062 0.090246 0.056601 23.549 20.032 21.892 25.809
50.9 0.075824 0.10594 0.09002 0.056459 23.455 19.951 21.804 25.707
51 0.075633 0.10567 0.089794 0.056317 23.362 19.869 21.716 25.606
51.1 0.075444 0.10541 0.089569 0.056176 23.268 19.788 21.629 25.505
51.2 0.075255 0.10514 0.089344 0.056035 23.175 19.708 21.541 25.404
51.3 0.075066 0.10488 0.089121 0.055895 23.083 19.627 21.454 25.304
51.4 0.074878 0.10462 0.088898 0.055755 22.99 19.547 21.368 25.204
51.5 0.074691 0.10435 0.088675 0.055616 22.898 19.467 21.281 25.104
51.6 0.074504 0.10409 0.088454 0.055477 22.806 19.387 21.195 25.004
51.7 0.074318 0.10383 0.088233 0.055338 22.715 19.308 21.109 24.905
51.8 0.074133 0.10357 0.088013 0.0552 22.623 19.229 21.024 24.806
51.9 0.073948 0.10332 0.087793 0.055062 22.532 19.15 20.938 24.708
52 0.073764 0.10306 0.087574 0.054925 22.442 19.071 20.853 24.61
52.1 0.07358 0.1028 0.087356 0.054788 22.351 18.993 20.768 24.512
52.2 0.073397 0.10255 0.087139 0.054651 22.261 18.915 20.684 24.414
52.3 0.073214 0.10229 0.086922 0.054515 22.172 18.837 20.6 24.317
52.4 0.073032 0.10204 0.086706 0.05438 22.082 18.759 20.516 24.22
52.5 0.07285 0.10178 0.08649 0.054245 21.993 18.682 20.432 24.123
52.6 0.07267 0.10153 0.086275 0.05411 21.904 18.605 20.349 24.027
52.7 0.072489 0.10128 0.086061 0.053975 21.815 18.528 20.266 23.931
52.8 0.072309 0.10103 0.085848 0.053842 21.727 18.451 20.183 23.835
52.9 0.07213 0.10078 0.085635 0.053708 21.639 18.375 20.1 23.739
53 0.071952 0.10053 0.085423 0.053575 21.551 18.299 20.018 23.644
53.1 0.071773 0.10028 0.085212 0.053442 21.464 18.223 19.936 23.549
53.2 0.071596 0.10003 0.085001 0.05331 21.376 18.147 19.854 23.455
53.3 0.071419 0.099783 0.084791 0.053178 21.289 18.072 19.773 23.361
53.4 0.071242 0.099537 0.084581 0.053047 21.203 17.997 19.691 23.267
53.5 0.071066 0.099291 0.084373 0.052916 21.116 17.922 19.61 23.173
53.6 0.070891 0.099046 0.084164 0.052785 21.03 17.848 19.53 23.08
53.7 0.070716 0.098802 0.083957 0.052655 20.944 17.773 19.449 22.987
53.8 0.070542 0.098558 0.08375 0.052525 20.859 17.699 19.369 22.894
53.9 0.070368 0.098316 0.083544 0.052396 20.774 17.625 19.289 22.801
54 0.070195 0.098074 0.083338 0.052267 20.689 17.552 19.21 22.709
54.1 0.070022 0.097832 0.083133 0.052138 20.604 17.479 19.13 22.617
54.2 0.06985 0.097592 0.082929 0.05201 20.52 17.405 19.051 22.526
54.3 0.069678 0.097352 0.082725 0.051882 20.435 17.333 18.972 22.434
54.4 0.069507 0.097113 0.082522 0.051754 20.351 17.26 18.894 22.343
54.5 0.069337 0.096875 0.082319 0.051627 20.268 17.188 18.815 22.253
54.6 0.069167 0.096638 0.082117 0.051501 20.184 17.116 18.737 22.162
54.7 0.068997 0.096401 0.081916 0.051374 20.101 17.044 18.659 22.072
54.8 0.068828 0.096165 0.081716 0.051248 20.019 16.972 18.582 21.982
54.9 0.06866 0.095929 0.081516 0.051123 19.936 16.901 18.504 21.893
55 0.068492 0.095695 0.081316 0.050998 19.854 16.829 18.427 21.803
55.1 0.068324 0.095461 0.081117 0.050873 19.772 16.758 18.35 21.714
55.2 0.068157 0.095228 0.080919 0.050749 19.69 16.688 18.274 21.626
55.3 0.067991 0.094995 0.080722 0.050625 19.608 16.617 18.198 21.537
55.4 0.067825 0.094763 0.080525 0.050501 19.527 16.547 18.121 21.449
55.5 0.067659 0.094532 0.080328 0.050378 19.446 16.477 18.046 21.361
55.6 0.067495 0.094302 0.080132 0.050255 19.366 16.407 17.97 21.273
55.7 0.06733 0.094072 0.079937 0.050133 19.285 16.338 17.895 21.186
55.8 0.067166 0.093843 0.079743 0.05001 19.205 16.269 17.82 21.099
55.9 0.067003 0.093615 0.079549 0.049889 19.125 16.2 17.745 21.012
56 0.06684 0.093387 0.079355 0.049767 19.045 16.131 17.67 20.926
56.1 0.066677 0.09316 0.079162 0.049646 18.966 16.062 17.596 20.84
56.2 0.066515 0.092934 0.07897 0.049526 18.887 15.994 17.522 20.754
56.3 0.066354 0.092709 0.078779 0.049405 18.808 15.926 17.448 20.668
56.4 0.066193 0.092484 0.078587 0.049286 18.729 15.858 17.374 20.583
56.5 0.066032 0.09226 0.078397 0.049166 18.651 15.79 17.301 20.497
56.6 0.065872 0.092036 0.078207 0.049047 18.573 15.723 17.228 20.413
56.7 0.065713 0.091813 0.078018 0.048928 18.495 15.655 17.155 20.328
56.8 0.065554 0.091591 0.077829 0.048809 18.417 15.588 17.082 20.244
56.9 0.065395 0.09137 0.077641 0.048691 18.34 15.522 17.01 20.16
57 0.065237 0.091149 0.077453 0.048574 18.263 15.455 16.938 20.076
57.1 0.06508 0.090929 0.077266 0.048456 18.186 15.389 16.866 19.992
57.2 0.064922 0.090709 0.077079 0.048339 18.109 15.323 16.794 19.909
57.3 0.064766 0.09049 0.076893 0.048222 18.033 15.257 16.723 19.826
57.4 0.06461 0.090272 0.076708 0.048106 17.957 15.191 16.651 19.743
57.5 0.064454 0.090055 0.076523 0.04799 17.881 15.126 16.58 19.661
57.6 0.064299 0.089838 0.076339 0.047874 17.805 15.06 16.51 19.579
57.7 0.064144 0.089622 0.076155 0.047759 17.73 14.995 16.439 19.497
57.8 0.063989 0.089406 0.075972 0.047644 17.655 14.931 16.369 19.415
57.9 0.063835 0.089191 0.075789 0.04753 17.58 14.866 16.299 19.334
58 0.063682 0.088977 0.075607 0.047415 17.505 14.802 16.229 19.252
58.1 0.063529 0.088763 0.075425 0.047301 17.431 14.738 16.159 19.172
58.2 0.063377 0.08855 0.075244 0.047188 17.357 14.674 16.09 19.091
58.3 0.063225 0.088338 0.075064 0.047074 17.283 14.61 16.021 19.011
58.4 0.063073 0.088126 0.074884 0.046962 17.209 14.546 15.952 18.93
58.5 0.062922 0.087915 0.074704 0.046849 17.136 14.483 15.883 18.851
58.6 0.062771 0.087704 0.074526 0.046737 17.063 14.42 15.815 18.771
58.7 0.062621 0.087495 0.074347 0.046625 16.99 14.357 15.747 18.692
58.8 0.062471 0.087285 0.074169 0.046513 16.917 14.295 15.679 18.613
58.9 0.062322 0.087077 0.073992 0.046402 16.844 14.232 15.611 18.534
59 0.062173 0.086869 0.073815 0.046291 16.772 14.17 15.544 18.455
59.1 0.062024 0.086661 0.073639 0.04618 16.7 14.108 15.476 18.377
59.2 0.061876 0.086454 0.073463 0.04607 16.628 14.046 15.409 18.299
59.3 0.061729 0.086248 0.073288 0.04596 16.557 13.985 15.342 18.221
59.4 0.061581 0.086043 0.073113 0.045851 16.486 13.923 15.276 18.143
59.5 0.061435 0.085838 0.072939 0.045741 16.415 13.862 15.209 18.066
59.6 0.061288 0.085633 0.072766 0.045632 16.344 13.801 15.143 17.989
59.7 0.061142 0.08543 0.072592 0.045524 16.273 13.74 15.077 17.912
59.8 0.060997 0.085227 0.07242 0.045415 16.203 13.68 15.011 17.836
59.9 0.060852 0.085024 0.072248 0.045307 16.133 13.62 14.946 17.759
60 0.060707 0.084822 0.072076 0.0452 16.063 13.56 14.88 17.683
60.1 0.060563 0.084621 0.071905 0.045092 15.993 13.5 14.815 17.607
60.2 0.06042 0.08442 0.071734 0.044985 15.924 13.44 14.751 17.532
60.3 0.060276 0.08422 0.071564 0.044878 15.855 13.38 14.686 17.456
60.4 0.060133 0.08402 0.071394 0.044772 15.786 13.321 14.621 17.381
60.5 0.059991 0.083821 0.071225 0.044666 15.717 13.262 14.557 17.306
60.6 0.059849 0.083623 0.071057 0.04456 15.648 13.203 14.493 17.232
60.7 0.059707 0.083425 0.070889 0.044454 15.58 13.144 14.429 17.157
60.8 0.059566 0.083228 0.070721 0.044349 15.512 13.086 14.366 17.083
60.9 0.059425 0.083031 0.070554 0.044244 15.444 13.028 14.303 17.009
61 0.059285 0.082835 0.070387 0.04414 15.377 12.97 14.239 16.936
61.1 0.059145 0.082639 0.070221 0.044036 15.309 12.912 14.176 16.862
61.2 0.059005 0.082444 0.070055 0.043932 15.242 12.854 14.114 16.789
61.3 0.058866 0.08225 0.06989 0.043828 15.175 12.796 14.051 16.716
61.4 0.058727 0.082056 0.069725 0.043724 15.108 12.739 13.989 16.643
61.5 0.058589 0.081863 0.069561 0.043621 15.042 12.682 13.927 16.571
61.6 0.058451 0.08167 0.069397 0.043519 14.976 12.625 13.865 16.499
61.7 0.058313 0.081478 0.069234 0.043416 14.909 12.568 13.803 16.427
61.8 0.058176 0.081286 0.069071 0.043314 14.844 12.512 13.742 16.355
61.9 0.058039 0.081095 0.068909 0.043212 14.778 12.456 13.681 16.283
62 0.057903 0.080905 0.068747 0.043111 14.713 12.4 13.62 16.212
62.1 0.057767 0.080715 0.068585 0.043009 14.647 12.344 13.559 16.141
62.2 0.057631 0.080526 0.068425 0.042908 14.583 12.288 13.498 16.07
62.3 0.057496 0.080337 0.068264 0.042808 14.518 12.232 13.438 16
62.4 0.057361 0.080148 0.068104 0.042707 14.453 12.177 13.377 15.929
62.5 0.057227 0.079961 0.067944 0.042607 14.389 12.122 13.317 15.859
62.6 0.057093 0.079773 0.067785 0.042507 14.325 12.067 13.258 15.789
62.7 0.056959 0.079587 0.067627 0.042408 14.261 12.012 13.198 15.72
62.8 0.056826 0.079401 0.067469 0.042308 14.197 11.958 13.139 15.65
62.9 0.056693 0.079215 0.067311 0.042209 14.134 11.903 13.079 15.581
63 0.056561 0.07903 0.067154 0.042111 14.071 11.849 13.02 15.512
63.1 0.056429 0.078846 0.066997 0.042012 14.008 11.795 12.962 15.443
63.2 0.056297 0.078662 0.06684 0.041914 13.945 11.741 12.903 15.375
63.3 0.056165 0.078478 0.066685 0.041816 13.882 11.688 12.845 15.306
63.4 0.056035 0.078295 0.066529 0.041719 13.82 11.634 12.786 15.238
63.5 0.055904 0.078113 0.066374 0.041622 13.758 11.581 12.728 15.171
63.6 0.055774 0.077931 0.066219 0.041525 13.696 11.528 12.671 15.103
63.7 0.055644 0.07775 0.066065 0.041428 13.634 11.475 12.613 15.035
63.8 0.055514 0.077569 0.065912 0.041331 13.572 11.422 12.556 14.968
63.9 0.055385 0.077388 0.065758 0.041235 13.511 11.37 12.499 14.901
64 0.055257 0.077209 0.065606 0.041139 13.45 11.317 12.442 14.835
64.1 0.055128 0.077029 0.065453 0.041044 13.389 11.265 12.385 14.768
64.2 0.055 0.076851 0.065301 0.040948 13.328 11.213 12.328 14.702
64.3 0.054873 0.076672 0.06515 0.040853 13.268 11.161 12.272 14.636
64.4 0.054745 0.076495 0.064999 0.040759 13.207 11.11 12.215 14.57
64.5 0.054618 0.076317 0.064848 0.040664 13.147 11.058 12.159 14.504
64.6 0.054492 0.076141 0.064698 0.04057 13.087 11.007 12.104 14.439
64.7 0.054366 0.075964 0.064548 0.040476 13.028 10.956 12.048 14.374
64.8 0.05424 0.075789 0.064399 0.040382 12.968 10.905 11.993 14.309
64.9 0.054114 0.075614 0.06425 0.040289 12.909 10.855 11.937 14.244
65 0.053989 0.075439 0.064101 0.040195 12.85 10.804 11.882 14.179
65.1 0.053865 0.075265 0.063953 0.040103 12.791 10.754 11.827 14.115
65.2 0.05374 0.075091 0.063806 0.04001 12.732 10.704 11.773 14.051
65.3 0.053616 0.074918 0.063659 0.039918 12.674 10.654 11.718 13.987
65.4 0.053493 0.074745 0.063512 0.039825 12.616 10.604 11.664 13.923
65.5 0.053369 0.074573 0.063365 0.039734 12.557 10.554 11.61 13.86
65.6 0.053246 0.074401 0.063219 0.039642 12.5 10.505 11.556 13.797
65.7 0.053124 0.07423 0.063074 0.039551 12.442 10.455 11.502 13.733
65.8 0.053001 0.074059 0.062929 0.03946 12.384 10.406 11.449 13.671
65.9 0.052879 0.073888 0.062784 0.039369 12.327 10.357 11.395 13.608
66 0.052758 0.073719 0.06264 0.039278 12.27 10.309 11.342 13.546
66.1 0.052637 0.073549 0.062496 0.039188 12.213 10.26 11.289 13.483
66.2 0.052516 0.07338 0.062352 0.039098 12.156 10.212 11.236 13.421
66.3 0.052395 0.073212 0.062209 0.039008 12.1 10.164 11.184 13.36
66.4 0.052275 0.073044 0.062066 0.038918 12.044 10.115 11.131 13.298
66.5 0.052155 0.072877 0.061924 0.038829 11.988 10.068 11.079 13.237
66.6 0.052035 0.07271 0.061782 0.03874 11.932 10.02 11.027 13.176
66.7 0.051916 0.072543 0.061641 0.038651 11.876 9.9724 10.975 13.115
66.8 0.051797 0.072377 0.0615 0.038563 11.82 9.925 10.924 13.054
66.9 0.051679 0.072212 0.061359 0.038474 11.765 9.8778 10.872 12.993
67 0.051561 0.072047 0.061219 0.038386 11.71 9.8308 10.821 12.933
67.1 0.051443 0.071882 0.061079 0.038299 11.655 9.784 10.77 12.873
67.2 0.051325 0.071718 0.060939 0.038211 11.6 9.7373 10.719 12.813
67.3 0.051208 0.071554 0.0608 0.038124 11.546 9.6908 10.668 12.753
67.4 0.051091 0.071391 0.060661 0.038037 11.491 9.6445 10.617 12.694
67.5 0.050975 0.071228 0.060523 0.03795 11.437 9.5983 10.567 12.634
67.6 0.050858 0.071066 0.060385 0.037863 11.383 9.5523 10.517 12.575
67.7 0.050743 0.070904 0.060247 0.037777 11.329 9.5065 10.467 12.516
67.8 0.050627 0.070742 0.06011 0.037691 11.276 9.4608 10.417 12.458
67.9 0.050512 0.070581 0.059973 0.037605 11.222 9.4153 10.367 12.399
68 0.050397 0.070421 0.059837 0.037519 11.169 9.37 10.318 12.341
68.1 0.050282 0.070261 0.059701 0.037434 11.116 9.3248 10.268 12.283
68.2 0.050168 0.070101 0.059565 0.037349 11.063 9.2798 10.219 12.225
68.3 0.050054 0.069942 0.05943 0.037264 11.011 9.2349 10.17 12.167
68.4 0.04994 0.069783 0.059295 0.037179 10.958 9.1903 10.121 12.11
68.5 0.049827 0.069625 0.059161 0.037095 10.906 9.1458 10.073 12.052
68.6 0.049714 0.069467 0.059026 0.037011 10.854 9.1014 10.024 11.995
68.7 0.049601 0.06931 0.058893 0.036927 10.802 9.0572 9.9758 11.938
68.8 0.049489 0.069153 0.058759 0.036843 10.75 9.0132 9.9277 11.882
68.9 0.049377 0.068996 0.058626 0.03676 10.698 8.9694 9.8798 11.825
69 0.049265 0.06884 0.058494 0.036676 10.647 8.9257 9.832 11.769
69.1 0.049154 0.068685 0.058361 0.036593 10.596 8.8821 9.7844 11.713
69.2 0.049043 0.068529 0.058229 0.036511 10.545 8.8388 9.737 11.657
69.3 0.048932 0.068375 0.058098 0.036428 10.494 8.7955 9.6898 11.601
69.4 0.048821 0.06822 0.057967 0.036346 10.443 8.7525 9.6427 11.546
69.5 0.048711 0.068066 0.057836 0.036264 10.393 8.7096 9.5958 11.49
69.6 0.048601 0.067913 0.057705 0.036182 10.343 8.6669 9.5491 11.435
69.7 0.048492 0.06776 0.057575 0.0361 10.292 8.6243 9.5025 11.38
69.8 0.048382 0.067607 0.057446 0.036019 10.243 8.5819 9.4561 11.326
69.9 0.048273 0.067455 0.057316 0.035938 10.193 8.5396 9.4099 11.271
70 0.048165 0.067303 0.057187 0.035857 10.143 8.4975 9.3638 11.217
70.1 0.048056 0.067152 0.057059 0.035776 10.094 8.4556 9.318 11.162
70.2 0.047948 0.067001 0.05693 0.035695 10.045 8.4138 9.2722 11.108
70.3 0.04784 0.06685 0.056802 0.035615 9.9955 8.3722 9.2267 11.055
70.4 0.047733 0.0667 0.056675 0.035535 9.9467 8.3307 9.1813 11.001
70.5 0.047626 0.066551 0.056548 0.035455 9.898 8.2894 9.1361 10.948
70.6 0.047519 0.066401 0.056421 0.035376 9.8495 8.2482 9.0911 10.894
70.7 0.047412 0.066252 0.056294 0.035296 9.8012 8.2072 9.0462 10.841
70.8 0.047306 0.066104 0.056168 0.035217 9.753 8.1664 9.0015 10.788
70.9 0.0472 0.065956 0.056042 0.035138 9.705 8.1257 8.9569 10.736
71 0.047094 0.065808 0.055917 0.035059 9.6572 8.0851 8.9125 10.683
71.1 0.046989 0.065661 0.055792 0.034981 9.6096 8.0447 8.8683 10.631
71.2 0.046884 0.065514 0.055667 0.034903 9.5621 8.0045 8.8243 10.579
71.3 0.046779 0.065368 0.055542 0.034824 9.5148 7.9644 8.7804 10.527
71.4 0.046674 0.065222 0.055418 0.034747 9.4677 7.9245 8.7366 10.475
71.5 0.04657 0.065076 0.055294 0.034669 9.4208 7.8847 8.6931 10.424
71.6 0.046466 0.064931 0.055171 0.034591 9.374 7.8451 8.6497 10.372
71.7 0.046362 0.064786 0.055048 0.034514 9.3274 7.8056 8.6064 10.321
71.8 0.046259 0.064642 0.054925 0.034437 9.281 7.7663 8.5633 10.27
71.9 0.046156 0.064498 0.054803 0.03436 9.2347 7.7271 8.5204 10.219
72 0.046053 0.064354 0.054681 0.034284 9.1887 7.6881 8.4777 10.169
72.1 0.04595 0.064211 0.054559 0.034207 9.1427 7.6492 8.4351 10.118
72.2 0.045848 0.064068 0.054438 0.034131 9.097 7.6105 8.3926 10.068
72.3 0.045746 0.063925 0.054317 0.034055 9.0514 7.5719 8.3504 10.018
72.4 0.045644 0.063783 0.054196 0.033979 9.006 7.5335 8.3083 9.9681
72.5 0.045543 0.063642 0.054075 0.033904 8.9608 7.4952 8.2663 9.9183
72.6 0.045442 0.0635 0.053955 0.033829 8.9157 7.457 8.2245 9.8688
72.7 0.045341 0.06336 0.053836 0.033753 8.8708 7.4191 8.1829 9.8194
72.8 0.04524 0.063219 0.053716 0.033678 8.8261 7.3812 8.1414 9.7703
72.9 0.04514 0.063079 0.053597 0.033604 8.7815 7.3435 8.1 9.7213
73 0.04504 0.062939 0.053478 0.033529 8.7371 7.306 8.0589 9.6724
73.1 0.04494 0.0628 0.05336 0.033455 8.6929 7.2686 8.0179 9.6238
73.2 0.044841 0.062661 0.053242 0.033381 8.6488 7.2313 7.977 9.5753
73.3 0.044742 0.062522 0.053124 0.033307 8.6049 7.1942 7.9363 9.527
73.4 0.044643 0.062384 0.053007 0.033233 8.5612 7.1572 7.8958 9.4789
73.5 0.044544 0.062246 0.052889 0.03316 8.5176 7.1204 7.8554 9.431
73.6 0.044445 0.062109 0.052773 0.033086 8.4742 7.0837 7.8151 9.3832
73.7 0.044347 0.061972 0.052656 0.033013 8.4309 7.0472 7.7751 9.3357
73.8 0.044249 0.061835 0.05254 0.03294 8.3878 7.0108 7.7351 9.2882
73.9 0.044152 0.061699 0.052424 0.032868 8.3449 6.9745 7.6954 9.241
74 0.044054 0.061563 0.052308 0.032795 8.3022 6.9384 7.6557 9.194
74.1 0.043957 0.061427 0.052193 0.032723 8.2596 6.9025 7.6163 9.1471
74.2 0.043861 0.061292 0.052078 0.032651 8.2171 6.8666 7.577 9.1004
74.3 0.043764 0.061157 0.051964 0.032579 8.1748 6.831 7.5378 9.0538
74.4 0.043668 0.061022 0.051849 0.032507 8.1327 6.7954 7.4988 9.0075
74.5 0.043572 0.060888 0.051735 0.032435 8.0908 6.76 7.4599 8.9613
74.6 0.043476 0.060755 0.051622 0.032364 8.049 6.7248 7.4212 8.9152
74.7 0.04338 0.060621 0.051508 0.032293 8.0073 6.6896 7.3827 8.8694
74.8 0.043285 0.060488 0.051395 0.032222 7.9659 6.6546 7.3442 8.8237
74.9 0.04319 0.060355 0.051283 0.032151 7.9246 6.6198 7.306 8.7782
75 0.043095 0.060223 0.05117 0.032081 7.8834 6.5851 7.2679 8.7329
75.1 0.043001 0.060091 0.051058 0.03201 7.8424 6.5505 7.2299 8.6877
75.2 0.042907 0.05996 0.050946 0.03194 7.8016 6.5161 7.1921 8.6427
75.3 0.042813 0.059828 0.050835 0.03187 7.7609 6.4818 7.1544 8.5979
75.4 0.042719 0.059697 0.050723 0.0318 7.7203 6.4477 7.1169 8.5532
75.5 0.042626 0.059567 0.050612 0.031731 7.68 6.4136 7.0796 8.5088
75.6 0.042532 0.059437 0.050502 0.031661 7.6398 6.3798 7.0423 8.4644
75.7 0.042439 0.059307 0.050391 0.031592 7.5997 6.346 7.0053 8.4203
75.8 0.042347 0.059177 0.050281 0.031523 7.5598 6.3124 6.9683 8.3763
75.9 0.042254 0.059048 0.050172 0.031454 7.5201 6.2789 6.9315 8.3325
76 0.042162 0.058919 0.050062 0.031385 7.4805 6.2456 6.8949 8.2888
76.1 0.04207 0.058791 0.049953 0.031317 7.441 6.2124 6.8584 8.2453
76.2 0.041978 0.058663 0.049844 0.031249 7.4017 6.1793 6.8221 8.202
76.3 0.041887 0.058535 0.049736 0.031181 7.3626 6.1464 6.7859 8.1589
76.4 0.041796 0.058408 0.049627 0.031113 7.3236 6.1136 6.7498 8.1159
76.5 0.041705 0.058281 0.049519 0.031045 7.2848 6.0809 6.7139 8.0731
76.6 0.041614 0.058154 0.049412 0.030977 7.2461 6.0484 6.6781 8.0304
76.7 0.041524 0.058028 0.049304 0.03091 7.2076 6.016 6.6425 7.9879
76.8 0.041433 0.057902 0.049197 0.030843 7.1692 5.9837 6.607 7.9456
76.9 0.041343 0.057776 0.04909 0.030776 7.131 5.9516 6.5717 7.9034
77 0.041254 0.057651 0.048984 0.030709 7.0929 5.9196 6.5365 7.8614
77.1 0.041164 0.057526 0.048878 0.030642 7.055 5.8877 6.5014 7.8196
77.2 0.041075 0.057401 0.048772 0.030576 7.0173 5.856 6.4665 7.7779
77.3 0.040986 0.057277 0.048666 0.030509 6.9797 5.8243 6.4317 7.7364
77.4 0.040897 0.057153 0.048561 0.030443 6.9422 5.7929 6.3971 7.695
77.5 0.040809 0.057029 0.048456 0.030377 6.9049 5.7615 6.3626 7.6538
77.6 0.04072 0.056906 0.048351 0.030311 6.8677 5.7303 6.3282 7.6128
77.7 0.040632 0.056783 0.048246 0.030246 6.8307 5.6992 6.294 7.5719
77.8 0.040544 0.05666 0.048142 0.03018 6.7938 5.6682 6.2599 7.5312
77.9 0.040457 0.056538 0.048038 0.030115 6.7571 5.6374 6.226 7.4906
78 0.040369 0.056416 0.047934 0.03005 6.7205 5.6067 6.1922 7.4502
78.1 0.040282 0.056294 0.047831 0.029985 6.6841 5.5761 6.1585 7.41
78.2 0.040195 0.056173 0.047728 0.029921 6.6478 5.5457 6.125 7.3699
78.3 0.040109 0.056052 0.047625 0.029856 6.6117 5.5153 6.0916 7.33
78.4 0.040022 0.055931 0.047522 0.029792 6.5757 5.4851 6.0584 7.2902
78.5 0.039936 0.055811 0.04742 0.029727 6.5398 5.4551 6.0253 7.2506
78.6 0.03985 0.055691 0.047318 0.029663 6.5041 5.4251 5.9923 7.2112
78.7 0.039764 0.055571 0.047216 0.029599 6.4686 5.3953 5.9594 7.1719
78.8 0.039679 0.055451 0.047115 0.029536 6.4332 5.3656 5.9267 7.1327
78.9 0.039594 0.055332 0.047014 0.029472 6.3979 5.336 5.8942 7.0938
79 0.039509 0.055214 0.046913 0.029409 6.3628 5.3066 5.8617 7.0549
79.1 0.039424 0.055095 0.046812 0.029346 6.3278 5.2773 5.8294 7.0163
79.2 0.039339 0.054977 0.046712 0.029283 6.2929 5.2481 5.7973 6.9777
79.3 0.039255 0.054859 0.046611 0.02922 6.2582 5.219 5.7652 6.9394
79.4 0.039171 0.054742 0.046511 0.029157 6.2237 5.1901 5.7333 6.9012
79.5 0.039087 0.054624 0.046412 0.029095 6.1893 5.1612 5.7016 6.8631
79.6 0.039003 0.054508 0.046313 0.029032 6.155 5.1325 5.6699 6.8252
79.7 0.03892 0.054391 0.046213 0.02897 6.1209 5.1039 5.6384 6.7875
79.8 0.038836 0.054275 0.046115 0.028908 6.0869 5.0755 5.6071 6.7499
79.9 0.038753 0.054159 0.046016 0.028846 6.0531 5.0471 5.5758 6.7124
80 0.038671 0.054043 0.045918 0.028785 6.0194 5.0189 5.5447 6.6751
80.1 0.038588 0.053928 0.04582 0.028723 5.9858 4.9908 5.5138 6.638
80.2 0.038506 0.053813 0.045722 0.028662 5.9524 4.9629 5.4829 6.601
80.3 0.038424 0.053698 0.045625 0.028601 5.9191 4.935 5.4522 6.5642
80.4 0.038342 0.053584 0.045527 0.02854 5.8859 4.9073 5.4216 6.5275
80.5 0.03826 0.05347 0.04543 0.028479 5.8529 4.8797 5.3912 6.4909
80.6 0.038179 0.053356 0.045334 0.028418 5.8201 4.8522 5.3609 6.4546
80.7 0.038097 0.053242 0.045237 0.028358 5.7873 4.8248 5.3307 6.4183
80.8 0.038016 0.053129 0.045141 0.028297 5.7547 4.7976 5.3006 6.3822
80.9 0.037935 0.053016 0.045045 0.028237 5.7223 4.7704 5.2707 6.3463
81 0.037855 0.052904 0.044949 0.028177 5.6899 4.7434 5.2409 6.3105
81.1 0.037774 0.052791 0.044854 0.028117 5.6578 4.7165 5.2112 6.2748
81.2 0.037694 0.052679 0.044759 0.028057 5.6257 4.6897 5.1816 6.2393
81.3 0.037614 0.052568 0.044664 0.027998 5.5938 4.663 5.1522 6.204
81.4 0.037534 0.052456 0.044569 0.027938 5.562 4.6365 5.1229 6.1688
81.5 0.037455 0.052345 0.044475 0.027879 5.5304 4.6101 5.0937 6.1337
81.6 0.037376 0.052234 0.044381 0.02782 5.4989 4.5838 5.0647 6.0988
81.7 0.037296 0.052124 0.044287 0.027761 5.4675 4.5576 5.0358 6.064
81.8 0.037218 0.052014 0.044193 0.027702 5.4363 4.5315 5.007 6.0294
81.9 0.037139 0.051904 0.0441 0.027644 5.4051 4.5055 4.9783 5.995
82 0.03706 0.051794 0.044006 0.027585 5.3742 4.4796 4.9498 5.9606
82.1 0.036982 0.051685 0.043913 0.027527 5.3433 4.4539 4.9213 5.9264
82.2 0.036904 0.051576 0.043821 0.027469 5.3126 4.4283 4.893 5.8924
82.3 0.036826 0.051467 0.043728 0.027411 5.2821 4.4028 4.8649 5.8585
82.4 0.036748 0.051358 0.043636 0.027353 5.2516 4.3774 4.8368 5.8247
82.5 0.036671 0.05125 0.043544 0.027295 5.2213 4.3521 4.8089 5.7911
82.6 0.036594 0.051142 0.043452 0.027238 5.1911 4.3269 4.7811 5.7577
82.7 0.036517 0.051035 0.043361 0.02718 5.1611 4.3019 4.7534 5.7243
82.8 0.03644 0.050927 0.04327 0.027123 5.1311 4.2769 4.7259 5.6911
82.9 0.036363 0.05082 0.043179 0.027066 5.1014 4.2521 4.6984 5.6581
83 0.036287 0.050713 0.043088 0.027009 5.0717 4.2274 4.6711 5.6252
83.1 0.03621 0.050607 0.042998 0.026952 5.0422 4.2028 4.6439 5.5924
83.2 0.036134 0.050501 0.042907 0.026895 5.0128 4.1783 4.6168 5.5598
83.3 0.036059 0.050395 0.042817 0.026839 4.9835 4.1539 4.5899 5.5273
83.4 0.035983 0.050289 0.042728 0.026783 4.9544 4.1296 4.5631 5.495
83.5 0.035908 0.050184 0.042638 0.026726 4.9253 4.1054 4.5363 5.4628
83.6 0.035832 0.050079 0.042549 0.02667 4.8965 4.0814 4.5098 5.4307
83.7 0.035757 0.049974 0.04246 0.026614 4.8677 4.0574 4.4833 5.3988
83.8 0.035682 0.049869 0.042371 0.026559 4.8391 4.0336 4.4569 5.367
83.9 0.035608 0.049765 0.042282 0.026503 4.8106 4.0099 4.4307 5.3354
84 0.035533 0.049661 0.042194 0.026448 4.7822 3.9862 4.4046 5.3039
84.1 0.035459 0.049558 0.042106 0.026392 4.7539 3.9627 4.3786 5.2725
84.2 0.035385 0.049454 0.042018 0.026337 4.7258 3.9393 4.3527 5.2412
84.3 0.035311 0.049351 0.04193 0.026282 4.6978 3.916 4.3269 5.2101
84.4 0.035237 0.049248 0.041843 0.026227 4.6699 3.8928 4.3013 5.1792
84.5 0.035164 0.049145 0.041755 0.026173 4.6422 3.8697 4.2757 5.1484
84.6 0.035091 0.049043 0.041668 0.026118 4.6146 3.8468 4.2503 5.1177
84.7 0.035018 0.048941 0.041582 0.026064 4.5871 3.8239 4.225 5.0871
84.8 0.034945 0.048839 0.041495 0.026009 4.5597 3.8011 4.1998 5.0567
84.9 0.034872 0.048738 0.041409 0.025955 4.5324 3.7785 4.1748 5.0264
85 0.0348 0.048636 0.041323 0.025901 4.5053 3.7559 4.1498 4.9963
85.1 0.034727 0.048535 0.041237 0.025847 4.4783 3.7335 4.125 4.9662
85.2 0.034655 0.048435 0.041151 0.025794 4.4514 3.7111 4.1003 4.9364
85.3 0.034583 0.048334 0.041066 0.02574 4.4247 3.6889 4.0756 4.9066
85.4 0.034511 0.048234 0.040981 0.025686 4.398 3.6668 4.0511 4.877
85.5 0.03444 0.048134 0.040896 0.025633 4.3715 3.6447 4.0268 4.8475
85.6 0.034369 0.048034 0.040811 0.02558 4.3451 3.6228 4.0025 4.8182
85.7 0.034297 0.047935 0.040727 0.025527 4.3188 3.601 3.9783 4.7889
85.8 0.034226 0.047836 0.040642 0.025474 4.2927 3.5793 3.9543 4.7599
85.9 0.034156 0.047737 0.040558 0.025421 4.2666 3.5576 3.9304 4.7309
86 0.034085 0.047638 0.040475 0.025369 4.2407 3.5361 3.9065 4.7021
86.1 0.034015 0.04754 0.040391 0.025316 4.2149 3.5147 3.8828 4.6734
86.2 0.033944 0.047442 0.040308 0.025264 4.1893 3.4934 3.8592 4.6448
86.3 0.033874 0.047344 0.040224 0.025212 4.1637 3.4722 3.8357 4.6164
86.4 0.033804 0.047246 0.040142 0.02516 4.1383 3.4511 3.8124 4.5881
86.5 0.033735 0.047149 0.040059 0.025108 4.1129 3.4301 3.7891 4.5599
86.6 0.033665 0.047052 0.039976 0.025056 4.0877 3.4092 3.7659 4.5319
86.7 0.033596 0.046955 0.039894 0.025004 4.0627 3.3884 3.7429 4.504
86.8 0.033527 0.046859 0.039812 0.024953 4.0377 3.3677 3.7199 4.4762
86.9 0.033458 0.046762 0.03973 0.024902 4.0128 3.3471 3.6971 4.4485
87 0.033389 0.046666 0.039648 0.02485 3.9881 3.3265 3.6744 4.421
87.1 0.03332 0.04657 0.039567 0.024799 3.9635 3.3061 3.6518 4.3936
87.2 0.033252 0.046475 0.039486 0.024748 3.939 3.2858 3.6293 4.3663
87.3 0.033184 0.04638 0.039405 0.024697 3.9146 3.2656 3.6069 4.3391
87.4 0.033116 0.046285 0.039324 0.024647 3.8903 3.2455 3.5846 4.3121
87.5 0.033048 0.04619 0.039243 0.024596 3.8662 3.2255 3.5624 4.2852
87.6 0.03298 0.046095 0.039163 0.024546 3.8421 3.2056 3.5403 4.2584
87.7 0.032912 0.046001 0.039083 0.024495 3.8182 3.1857 3.5183 4.2318
87.8 0.032845 0.045907 0.039003 0.024445 3.7944 3.166 3.4965 4.2053
87.9 0.032778 0.045813 0.038923 0.024395 3.7707 3.1464 3.4747 4.1789
88 0.032711 0.045719 0.038844 0.024345 3.7471 3.1269 3.4531 4.1526
88.1 0.032644 0.045626 0.038764 0.024295 3.7236 3.1074 3.4315 4.1264
88.2 0.032577 0.045533 0.038685 0.024246 3.7003 3.0881 3.4101 4.1004
88.3 0.032511 0.04544 0.038606 0.024196 3.677 3.0688 3.3887 4.0745
88.4 0.032445 0.045347 0.038528 0.024147 3.6539 3.0497 3.3675 4.0487
88.5 0.032379 0.045255 0.038449 0.024098 3.6309 3.0306 3.3464 4.0231
88.6 0.032313 0.045163 0.038371 0.024049 3.608 3.0117 3.3253 3.9975
88.7 0.032247 0.045071 0.038293 0.024 3.5852 2.9928 3.3044 3.9721
88.8 0.032181 0.04498 0.038215 0.023951 3.5625 2.974 3.2836 3.9468
88.9 0.032116 0.044888 0.038137 0.023902 3.5399 2.9554 3.2629 3.9217
89 0.032051 0.044797 0.03806 0.023853 3.5174 2.9368 3.2423 3.8966
89.1 0.031985 0.044706 0.037982 0.023805 3.4951 2.9183 3.2217 3.8717
89.2 0.03192 0.044615 0.037905 0.023756 3.4728 2.8999 3.2013 3.8469
89.3 0.031856 0.044525 0.037829 0.023708 3.4507 2.8816 3.181 3.8222
89.4 0.031791 0.044435 0.037752 0.02366 3.4287 2.8634 3.1608 3.7976
89.5 0.031727 0.044345 0.037675 0.023612 3.4068 2.8452 3.1407 3.7732
89.6 0.031662 0.044255 0.037599 0.023564 3.3849 2.8272 3.1207 3.7489
89.7 0.031598 0.044166 0.037523 0.023516 3.3632 2.8093 3.1008 3.7246
89.8 0.031534 0.044076 0.037447 0.023469 3.3416 2.7914 3.081 3.7005
89.9 0.031471 0.043987 0.037372 0.023421 3.3202 2.7737 3.0612 3.6766
90 0.031407 0.043898 0.037296 0.023374 3.2988 2.756 3.0416 3.6527
90.1 0.031344 0.04381 0.037221 0.023327 3.2775 2.7384 3.0221 3.629
90.2 0.03128 0.043722 0.037146 0.02328 3.2563 2.7209 3.0027 3.6054
90.3 0.031217 0.043633 0.037071 0.023233 3.2353 2.7035 2.9834 3.5818
90.4 0.031154 0.043546 0.036996 0.023186 3.2143 2.6862 2.9642 3.5585
90.5 0.031092 0.043458 0.036922 0.023139 3.1934 2.669 2.945 3.5352
90.6 0.031029 0.04337 0.036847 0.023092 3.1727 2.6518 2.926 3.512
90.7 0.030967 0.043283 0.036773 0.023046 3.1521 2.6348 2.9071 3.489
90.8 0.030904 0.043196 0.036699 0.023 3.1315 2.6178 2.8883 3.4661
90.9 0.030842 0.04311 0.036626 0.022953 3.1111 2.601 2.8695 3.4432
91 0.03078 0.043023 0.036552 0.022907 3.0908 2.5842 2.8509 3.4205
91.1 0.030719 0.042937 0.036479 0.022861 3.0705 2.5675 2.8323 3.398
91.2 0.030657 0.042851 0.036406 0.022815 3.0504 2.5509 2.8139 3.3755
91.3 0.030596 0.042765 0.036333 0.022769 3.0304 2.5343 2.7955 3.3531
91.4 0.030534 0.042679 0.03626 0.022724 3.0105 2.5179 2.7773 3.3309
91.5 0.030473 0.042594 0.036187 0.022678 2.9906 2.5016 2.7591 3.3088
91.6 0.030412 0.042509 0.036115 0.022633 2.9709 2.4853 2.7411 3.2867
91.7 0.030351 0.042424 0.036043 0.022588 2.9513 2.4691 2.7231 3.2648
91.8 0.030291 0.042339 0.035971 0.022542 2.9318 2.453 2.7052 3.243
91.9 0.03023 0.042255 0.035899 0.022497 2.9124 2.437 2.6874 3.2214
92 0.03017 0.04217 0.035827 0.022452 2.8931 2.4211 2.6697 3.1998
92.1 0.03011 0.042086 0.035756 0.022408 2.8739 2.4052 2.6521 3.1783
92.2 0.03005 0.042002 0.035685 0.022363 2.8548 2.3895 2.6346 3.157
92.3 0.02999 0.041919 0.035614 0.022318 2.8358 2.3738 2.6172 3.1357
92.4 0.02993 0.041835 0.035543 0.022274 2.8168 2.3582 2.5999 3.1146
92.5 0.02987 0.041752 0.035472 0.022229 2.798 2.3427 2.5826 3.0936
92.6 0.029811 0.041669 0.035402 0.022185 2.7793 2.3273 2.5655 3.0727
92.7 0.029752 0.041587 0.035331 0.022141 2.7607 2.3119 2.5484 3.0519
92.8 0.029693 0.041504 0.035261 0.022097 2.7422 2.2967 2.5315 3.0312
92.9 0.029634 0.041422 0.035191 0.022053 2.7238 2.2815 2.5146 3.0106
93 0.029575 0.04134 0.035121 0.022009 2.7054 2.2664 2.4978 2.9901
93.1 0.029516 0.041258 0.035052 0.021966 2.6872 2.2514 2.4811 2.9697
93.2 0.029458 0.041176 0.034982 0.021922 2.6691 2.2364 2.4645 2.9495
93.3 0.0294 0.041095 0.034913 0.021879 2.6511 2.2216 2.448 2.9293
93.4 0.029341 0.041013 0.034844 0.021835 2.6331 2.2068 2.4316 2.9093
93.5 0.029283 0.040932 0.034775 0.021792 2.6153 2.1921 2.4152 2.8893
93.6 0.029226 0.040851 0.034706 0.021749 2.5975 2.1775 2.399 2.8695
93.7 0.029168 0.040771 0.034638 0.021706 2.5799 2.1629 2.3828 2.8497
93.8 0.02911 0.04069 0.03457 0.021663 2.5623 2.1485 2.3667 2.8301
93.9 0.029053 0.04061 0.034501 0.02162 2.5449 2.1341 2.3507 2.8106
94 0.028996 0.04053 0.034433 0.021578 2.5275 2.1198 2.3348 2.7912
94.1 0.028938 0.04045 0.034366 0.021535 2.5102 2.1056 2.319 2.7718
94.2 0.028881 0.040371 0.034298 0.021493 2.4931 2.0914 2.3033 2.7526
94.3 0.028825 0.040292 0.034231 0.02145 2.476 2.0773 2.2876 2.7335
94.4 0.028768 0.040212 0.034163 0.021408 2.459 2.0634 2.2721 2.7145
94.5 0.028711 0.040133 0.034096 0.021366 2.4421 2.0494 2.2566 2.6956
94.6 0.028655 0.040055 0.034029 0.021324 2.4253 2.0356 2.2412 2.6768
94.7 0.028599 0.039976 0.033963 0.021282 2.4086 2.0218 2.2259 2.6581
94.8 0.028543 0.039898 0.033896 0.02124 2.3919 2.0082 2.2107 2.6395
94.9 0.028487 0.03982 0.03383 0.021199 2.3754 1.9945 2.1956 2.621
95 0.028431 0.039742 0.033763 0.021157 2.359 1.981 2.1805 2.6026
95.1 0.028375 0.039664 0.033697 0.021116 2.3426 1.9676 2.1656 2.5843
95.2 0.02832 0.039586 0.033631 0.021074 2.3264 1.9542 2.1507 2.5662
95.3 0.028264 0.039509 0.033566 0.021033 2.3102 1.9409 2.1359 2.5481
95.4 0.028209 0.039432 0.0335 0.020992 2.2941 1.9276 2.1211 2.5301
95.5 0.028154 0.039355 0.033435 0.020951 2.2781 1.9145 2.1065 2.5122
95.6 0.028099 0.039278 0.033369 0.02091 2.2622 1.9014 2.092 2.4944
95.7 0.028044 0.039202 0.033304 0.020869 2.2464 1.8884 2.0775 2.4767
95.8 0.02799 0.039125 0.03324 0.020828 2.2307 1.8754 2.0631 2.4591
95.9 0.027935 0.039049 0.033175 0.020788 2.215 1.8626 2.0488 2.4416
96 0.027881 0.038973 0.03311 0.020747 2.1995 1.8498 2.0345 2.4242
96.1 0.027827 0.038898 0.033046 0.020707 2.184 1.8371 2.0204 2.4069
96.2 0.027773 0.038822 0.032982 0.020667 2.1687 1.8244 2.0063 2.3897
96.3 0.027719 0.038747 0.032918 0.020626 2.1534 1.8118 1.9923 2.3726
96.4 0.027665 0.038672 0.032854 0.020586 2.1382 1.7993 1.9784 2.3556
96.5 0.027611 0.038597 0.03279 0.020546 2.1231 1.7869 1.9646 2.3387
96.6 0.027558 0.038522 0.032727 0.020506 2.108 1.7745 1.9508 2.3218
96.7 0.027504 0.038447 0.032663 0.020467 2.0931 1.7622 1.9372 2.3051
96.8 0.027451 0.038373 0.0326 0.020427 2.0782 1.75 1.9236 2.2885
96.9 0.027398 0.038299 0.032537 0.020387 2.0635 1.7379 1.91 2.2719
97 0.027345 0.038225 0.032474 0.020348 2.0488 1.7258 1.8966 2.2555
97.1 0.027292 0.038151 0.032412 0.020309 2.0342 1.7138 1.8832 2.2392
97.2 0.027239 0.038078 0.032349 0.020269 2.0197 1.7018 1.87 2.2229
97.3 0.027187 0.038004 0.032287 0.02023 2.0052 1.69 1.8567 2.2068
97.4 0.027134 0.037931 0.032224 0.020191 1.9909 1.6782 1.8436 2.1907
97.5 0.027082 0.037858 0.032162 0.020152 1.9766 1.6664 1.8306 2.1747
97.6 0.02703 0.037785 0.0321 0.020113 1.9624 1.6547 1.8176 2.1588
97.7 0.026978 0.037713 0.032039 0.020075 1.9483 1.6432 1.8047 2.143
97.8 0.026926 0.03764 0.031977 0.020036 1.9343 1.6316 1.7918 2.1274
97.9 0.026874 0.037568 0.031916 0.019997 1.9204 1.6202 1.7791 2.1117
98 0.026823 0.037496 0.031854 0.019959 1.9065 1.6088 1.7664 2.0962
98.1 0.026771 0.037424 0.031793 0.019921 1.8927 1.5974 1.7538 2.0808
98.2 0.02672 0.037352 0.031732 0.019882 1.879 1.5862 1.7413 2.0655
98.3 0.026669 0.037281 0.031672 0.019844 1.8654 1.575 1.7288 2.0502
98.4 0.026618 0.037209 0.031611 0.019806 1.8519 1.5638 1.7164 2.0351
98.5 0.026567 0.037138 0.031551 0.019768 1.8384 1.5528 1.7041 2.02
98.6 0.026516 0.037067 0.03149 0.01973 1.8251 1.5418 1.6919 2.0051
98.7 0.026465 0.036996 0.03143 0.019693 1.8118 1.5308 1.6797 1.9902
98.8 0.026415 0.036926 0.03137 0.019655 1.7985 1.52 1.6676 1.9754
98.9 0.026364 0.036855 0.03131 0.019618 1.7854 1.5092 1.6556 1.9607
99 0.026314 0.036785 0.031251 0.01958 1.7724 1.4984 1.6436 1.946
99.1 0.026264 0.036715 0.031191 0.019543 1.7594 1.4877 1.6318 1.9315
99.2 0.026214 0.036645 0.031132 0.019505 1.7465 1.4771 1.62 1.9171
99.3 0.026164 0.036576 0.031073 0.019468 1.7336 1.4666 1.6082 1.9027
99.4 0.026114 0.036506 0.031013 0.019431 1.7209 1.4561 1.5966 1.8884
99.5 0.026065 0.036437 0.030955 0.019394 1.7082 1.4457 1.585 1.8743
99.6 0.026015 0.036368 0.030896 0.019357 1.6956 1.4353 1.5734 1.8602
99.7 0.025966 0.036299 0.030837 0.019321 1.6831 1.425 1.562 1.8461
99.8 0.025917 0.03623 0.030779 0.019284 1.6707 1.4148 1.5506 1.8322
99.9 0.025867 0.036161 0.030721 0.019247 1.6583 1.4046 1.5393 1.8184
100 0.025818 0.036093 0.030662 0.019211 1.646 1.3945 1.528 1.8046
100.1 0.02577 0.036025 0.030604 0.019174 1.6338 1.3845 1.5169 1.7909
100.2 0.025721 0.035957 0.030547 0.019138 1.6217 1.3745 1.5057 1.7774
100.3 0.025672 0.035889 0.030489 0.019102 1.6096 1.3645 1.4947 1.7638
100.4 0.025624 0.035821 0.030431 0.019066 1.5976 1.3547 1.4837 1.7504
100.5 0.025575 0.035754 0.030374 0.01903 1.5857 1.3449 1.4728 1.7371
100.6 0.025527 0.035686 0.030317 0.018994 1.5738 1.3351 1.462 1.7238
100.7 0.025479 0.035619 0.03026 0.018958 1.5621 1.3254 1.4512 1.7106
100.8 0.025431 0.035552 0.030203 0.018922 1.5504 1.3158 1.4405 1.6976
100.9 0.025383 0.035485 0.030146 0.018887 1.5387 1.3062 1.4298 1.6845
101 0.025336 0.035419 0.030089 0.018851 1.5272 1.2967 1.4193 1.6716
101.1 0.025288 0.035352 0.030033 0.018816 1.5157 1.2873 1.4088 1.6588
101.2 0.025241 0.035286 0.029976 0.01878 1.5043 1.2779 1.3983 1.646
101.3 0.025193 0.03522 0.02992 0.018745 1.4929 1.2686 1.3879 1.6333
101.4 0.025146 0.035154 0.029864 0.01871 1.4817 1.2593 1.3776 1.6207
101.5 0.025099 0.035088 0.029808 0.018675 1.4705 1.2501 1.3674 1.6082
101.6 0.025052 0.035022 0.029752 0.01864 1.4594 1.2409 1.3572 1.5957
101.7 0.025005 0.034957 0.029697 0.018605 1.4483 1.2318 1.3471 1.5833
101.8 0.024958 0.034892 0.029641 0.01857 1.4373 1.2227 1.337 1.571
101.9 0.024912 0.034827 0.029586 0.018535 1.4264 1.2138 1.327 1.5588
102 0.024865 0.034762 0.029531 0.018501 1.4155 1.2048 1.3171 1.5467
102.1 0.024819 0.034697 0.029476 0.018466 1.4048 1.1959 1.3072 1.5346
102.2 0.024773 0.034632 0.029421 0.018432 1.3941 1.1871 1.2974 1.5227
102.3 0.024726 0.034568 0.029366 0.018397 1.3834 1.1784 1.2876 1.5107
102.4 0.02468 0.034504 0.029312 0.018363 1.3728 1.1697 1.278 1.4989
102.5 0.024635 0.03444 0.029257 0.018329 1.3623 1.161 1.2683 1.4872
102.6 0.024589 0.034376 0.029203 0.018295 1.3519 1.1524 1.2588 1.4755
102.7 0.024543 0.034312 0.029149 0.018261 1.3415 1.1439 1.2493 1.4639
102.8 0.024498 0.034248 0.029095 0.018227 1.3312 1.1354 1.2398 1.4524
102.9 0.024452 0.034185 0.029041 0.018193 1.321 1.1269 1.2305 1.4409
103 0.024407 0.034122 0.028987 0.018159 1.3108 1.1185 1.2211 1.4295
103.1 0.024362 0.034059 0.028933 0.018126 1.3007 1.1102 1.2119 1.4182
103.2 0.024317 0.033996 0.02888 0.018092 1.2906 1.1019 1.2027 1.407
103.3 0.024272 0.033933 0.028826 0.018059 1.2807 1.0937 1.1935 1.3959
103.4 0.024227 0.03387 0.028773 0.018025 1.2708 1.0855 1.1845 1.3848
103.5 0.024182 0.033808 0.02872 0.017992 1.2609 1.0774 1.1754 1.3738
103.6 0.024138 0.033746 0.028667 0.017959 1.2511 1.0694 1.1665 1.3628
103.7 0.024093 0.033684 0.028614 0.017926 1.2414 1.0613 1.1576 1.352
103.8 0.024049 0.033622 0.028562 0.017893 1.2317 1.0534 1.1487 1.3412
103.9 0.024005 0.03356 0.028509 0.01786 1.2222 1.0455 1.1399 1.3305
104 0.02396 0.033498 0.028457 0.017827 1.2126 1.0376 1.1312 1.3198
104.1 0.023916 0.033437 0.028405 0.017794 1.2032 1.0298 1.1225 1.3092
104.2 0.023873 0.033375 0.028353 0.017761 1.1938 1.022 1.1139 1.2987
104.3 0.023829 0.033314 0.028301 0.017729 1.1844 1.0143 1.1054 1.2883
104.4 0.023785 0.033253 0.028249 0.017696 1.1751 1.0067 1.0969 1.2779
104.5 0.023742 0.033192 0.028197 0.017664 1.1659 0.99907 1.0884 1.2676
104.6 0.023698 0.033132 0.028146 0.017631 1.1568 0.99151 1.08 1.2574
104.7 0.023655 0.033071 0.028094 0.017599 1.1477 0.984 1.0717 1.2473
104.8 0.023612 0.033011 0.028043 0.017567 1.1386 0.97655 1.0634 1.2372
104.9 0.023569 0.032951 0.027992 0.017535 1.1297 0.96914 1.0552 1.2271
105 0.023526 0.032891 0.027941 0.017503 1.1208 0.96178 1.047 1.2172
105.1 0.023483 0.032831 0.02789 0.017471 1.1119 0.95446 1.0389 1.2073
105.2 0.02344 0.032771 0.027839 0.017439 1.1031 0.9472 1.0308 1.1975
105.3 0.023397 0.032712 0.027788 0.017407 1.0944 0.93999 1.0228 1.1877
105.4 0.023355 0.032652 0.027738 0.017376 1.0857 0.93282 1.0148 1.1781
105.5 0.023312 0.032593 0.027688 0.017344 1.0771 0.9257 1.0069 1.1685
105.6 0.02327 0.032534 0.027637 0.017312 1.0685 0.91862 0.9991 1.1589
105.7 0.023228 0.032475 0.027587 0.017281 1.06 0.9116 0.9913 1.1494
105.8 0.023186 0.032416 0.027537 0.01725 1.0516 0.90462 0.98356 1.14
105.9 0.023144 0.032358 0.027488 0.017218 1.0432 0.89769 0.97586 1.1306
106 0.023102 0.032299 0.027438 0.017187 1.0349 0.8908 0.96823 1.1214
106.1 0.02306 0.032241 0.027388 0.017156 1.0266 0.88396 0.96064 1.1121
106.2 0.023019 0.032183 0.027339 0.017125 1.0184 0.87717 0.9531 1.103
106.3 0.022977 0.032125 0.02729 0.017094 1.0102 0.87042 0.94562 1.0939
106.4 0.022936 0.032067 0.02724 0.017063 1.0021 0.86372 0.93818 1.0849
106.5 0.022894 0.032009 0.027191 0.017033 0.99409 0.85706 0.9308 1.0759
106.6 0.022853 0.031952 0.027142 0.017002 0.9861 0.85045 0.92346 1.067
106.7 0.022812 0.031894 0.027094 0.016971 0.97816 0.84388 0.91618 1.0581
106.8 0.022771 0.031837 0.027045 0.016941 0.97028 0.83735 0.90895 1.0494
106.9 0.02273 0.03178 0.026996 0.01691 0.96246 0.83087 0.90176 1.0406
107 0.022689 0.031723 0.026948 0.01688 0.95469 0.82444 0.89463 1.032
107.1 0.022649 0.031666 0.0269 0.01685 0.94697 0.81805 0.88755 1.0234
107.2 0.022608 0.031609 0.026852 0.016819 0.93931 0.8117 0.88051 1.0149
107.3 0.022568 0.031553 0.026804 0.016789 0.9317 0.80539 0.87352 1.0064
107.4 0.022527 0.031497 0.026756 0.016759 0.92415 0.79913 0.86658 0.99797
107.5 0.022487 0.03144 0.026708 0.016729 0.91665 0.79291 0.85969 0.98961
107.6 0.022447 0.031384 0.02666 0.016699 0.9092 0.78674 0.85285 0.98132
107.7 0.022407 0.031328 0.026613 0.016669 0.9018 0.7806 0.84605 0.97309
107.8 0.022367 0.031273 0.026565 0.01664 0.89446 0.77451 0.83931 0.96492
107.9 0.022327 0.031217 0.026518 0.01661 0.88717 0.76846 0.8326 0.9568
108 0.022287 0.031161 0.026471 0.01658 0.87993 0.76245 0.82595 0.94874
108.1 0.022248 0.031106 0.026424 0.016551 0.87274 0.75648 0.81934 0.94075
108.2 0.022208 0.031051 0.026377 0.016521 0.8656 0.75056 0.81278 0.93281
108.3 0.022169 0.030996 0.02633 0.016492 0.85851 0.74467 0.80627 0.92492
108.4 0.02213 0.030941 0.026284 0.016463 0.85147 0.73883 0.7998 0.9171
108.5 0.02209 0.030886 0.026237 0.016434 0.84449 0.73303 0.79337 0.90933
108.6 0.022051 0.030832 0.026191 0.016405 0.83755 0.72726 0.78699 0.90162
108.7 0.022012 0.030777 0.026144 0.016375 0.83066 0.72154 0.78066 0.89397
108.8 0.021973 0.030723 0.026098 0.016347 0.82383 0.71586 0.77437 0.88637
108.9 0.021935 0.030669 0.026052 0.016318 0.81704 0.71022 0.76813 0.87883
109 0.021896 0.030615 0.026006 0.016289 0.8103 0.70461 0.76193 0.87134
109.1 0.021857 0.030561 0.025961 0.01626 0.80361 0.69905 0.75577 0.86391
109.2 0.021819 0.030507 0.025915 0.016231 0.79697 0.69352 0.74966 0.85653
109.3 0.02178 0.030454 0.025869 0.016203 0.79037 0.68803 0.74359 0.84921
109.4 0.021742 0.0304 0.025824 0.016174 0.78382 0.68259 0.73757 0.84194
109.5 0.021704 0.030347 0.025779 0.016146 0.77733 0.67718 0.73158 0.83473
109.6 0.021666 0.030294 0.025733 0.016118 0.77087 0.6718 0.72565 0.82756
109.7 0.021628 0.030241 0.025688 0.016089 0.76447 0.66647 0.71975 0.82046
109.8 0.02159 0.030188 0.025643 0.016061 0.75811 0.66117 0.71389 0.8134
109.9 0.021552 0.030135 0.025599 0.016033 0.7518 0.65592 0.70808 0.8064
110 0.021515 0.030082 0.025554 0.016005 0.74554 0.6507 0.70231 0.79945
110.1 0.021477 0.03003 0.025509 0.015977 0.73932 0.64551 0.69658 0.79256
110.2 0.02144 0.029978 0.025465 0.015949 0.73314 0.64036 0.6909 0.78571
110.3 0.021402 0.029925 0.02542 0.015921 0.72701 0.63525 0.68525 0.77892
110.4 0.021365 0.029873 0.025376 0.015893 0.72093 0.63018 0.67965 0.77218
110.5 0.021328 0.029821 0.025332 0.015866 0.71489 0.62514 0.67408 0.76549
110.6 0.021291 0.02977 0.025288 0.015838 0.7089 0.62014 0.66856 0.75885
110.7 0.021254 0.029718 0.025244 0.01581 0.70295 0.61517 0.66308 0.75226
110.8 0.021217 0.029666 0.0252 0.015783 0.69705 0.61024 0.65763 0.74572
110.9 0.02118 0.029615 0.025157 0.015756 0.69119 0.60535 0.65223 0.73923
111 0.021143 0.029564 0.025113 0.015728 0.68537 0.60049 0.64686 0.73279
111.1 0.021107 0.029513 0.02507 0.015701 0.67959 0.59566 0.64154 0.7264
111.2 0.02107 0.029462 0.025026 0.015674 0.67386 0.59087 0.63625 0.72006
111.3 0.021034 0.029411 0.024983 0.015647 0.66818 0.58611 0.63101 0.71377
111.4 0.020998 0.02936 0.02494 0.01562 0.66253 0.58139 0.6258 0.70752
111.5 0.020962 0.02931 0.024897 0.015593 0.65693 0.5767 0.62063 0.70133
111.6 0.020925 0.029259 0.024854 0.015566 0.65137 0.57205 0.6155 0.69518
111.7 0.020889 0.029209 0.024812 0.015539 0.64585 0.56743 0.6104 0.68908
111.8 0.020853 0.029159 0.024769 0.015512 0.64037 0.56285 0.60535 0.68302
111.9 0.020818 0.029109 0.024727 0.015486 0.63493 0.55829 0.60033 0.67702
112 0.020782 0.029059 0.024684 0.015459 0.62954 0.55377 0.59535 0.67106
112.1 0.020746 0.029009 0.024642 0.015432 0.62419 0.54929 0.5904 0.66514
112.2 0.020711 0.02896 0.0246 0.015406 0.61887 0.54483 0.5855 0.65927
112.3 0.020675 0.02891 0.024558 0.01538 0.6136 0.54041 0.58062 0.65345
112.4 0.02064 0.028861 0.024516 0.015353 0.60837 0.53602 0.57579 0.64768
112.5 0.020605 0.028812 0.024474 0.015327 0.60317 0.53167 0.57099 0.64194
112.6 0.02057 0.028763 0.024432 0.015301 0.59802 0.52734 0.56623 0.63626
112.7 0.020535 0.028714 0.024391 0.015275 0.5929 0.52305 0.5615 0.63062
112.8 0.0205 0.028665 0.024349 0.015249 0.58783 0.51879 0.55681 0.62502
112.9 0.020465 0.028616 0.024308 0.015223 0.58279 0.51456 0.55215 0.61947
113 0.02043 0.028568 0.024266 0.015197 0.5778 0.51036 0.54753 0.61396
113.1 0.020395 0.028519 0.024225 0.015171 0.57284 0.50619 0.54295 0.60849
113.2 0.020361 0.028471 0.024184 0.015145 0.56792 0.50205 0.5384 0.60307
113.3 0.020326 0.028423 0.024143 0.01512 0.56303 0.49795 0.53388 0.59769
113.4 0.020292 0.028375 0.024102 0.015094 0.55819 0.49387 0.5294 0.59236
113.5 0.020258 0.028327 0.024062 0.015068 0.55338 0.48982 0.52495 0.58706
113.6 0.020223 0.028279 0.024021 0.015043 0.54861 0.48581 0.52053 0.58181
113.7 0.020189 0.028231 0.023981 0.015017 0.54387 0.48182 0.51615 0.5766
113.8 0.020155 0.028184 0.02394 0.014992 0.53918 0.47787 0.5118 0.57143
113.9 0.020121 0.028136 0.0239 0.014967 0.53452 0.47394 0.50749 0.56631
114 0.020087 0.028089 0.02386 0.014942 0.52989 0.47004 0.5032 0.56122
114.1 0.020054 0.028042 0.02382 0.014916 0.52531 0.46617 0.49895 0.55618
114.2 0.02002 0.027995 0.02378 0.014891 0.52075 0.46233 0.49474 0.55118
114.3 0.019986 0.027948 0.02374 0.014866 0.51624 0.45852 0.49055 0.54621
114.4 0.019953 0.027901 0.0237 0.014841 0.51176 0.45474 0.4864 0.54129
114.5 0.019919 0.027854 0.02366 0.014816 0.50731 0.45099 0.48228 0.53641
114.6 0.019886 0.027808 0.023621 0.014792 0.5029 0.44726 0.47819 0.53156
114.7 0.019853 0.027762 0.023581 0.014767 0.49852 0.44357 0.47413 0.52676
114.8 0.01982 0.027715 0.023542 0.014742 0.49418 0.4399 0.4701 0.52199
114.9 0.019787 0.027669 0.023503 0.014718 0.48987 0.43625 0.46611 0.51727
115 0.019754 0.027623 0.023464 0.014693 0.4856 0.43264 0.46214 0.51258
115.1 0.019721 0.027577 0.023425 0.014669 0.48136 0.42905 0.45821 0.50793
115.2 0.019688 0.027531 0.023386 0.014644 0.47715 0.42549 0.45431 0.50332
115.3 0.019656 0.027486 0.023347 0.01462 0.47298 0.42196 0.45043 0.49875
115.4 0.019623 0.02744 0.023308 0.014596 0.46884 0.41845 0.44659 0.49421
115.5 0.01959 0.027395 0.02327 0.014571 0.46473 0.41498 0.44278 0.48971
115.6 0.019558 0.02735 0.023231 0.014547 0.46066 0.41152 0.43899 0.48525
115.7 0.019526 0.027304 0.023193 0.014523 0.45661 0.4081 0.43524 0.48082
115.8 0.019493 0.027259 0.023155 0.014499 0.45261 0.4047 0.43151 0.47643
115.9 0.019461 0.027215 0.023116 0.014475 0.44863 0.40132 0.42782 0.47208
116 0.019429 0.02717 0.023078 0.014451 0.44468 0.39797 0.42415 0.46777
116.1 0.019397 0.027125 0.02304 0.014427 0.44077 0.39465 0.42051 0.46349
116.2 0.019365 0.027081 0.023003 0.014404 0.43688 0.39135 0.4169 0.45924
116.3 0.019333 0.027036 0.022965 0.01438 0.43303 0.38808 0.41332 0.45503
116.4 0.019302 0.026992 0.022927 0.014356 0.42921 0.38483 0.40977 0.45086
116.5 0.01927 0.026948 0.02289 0.014333 0.42542 0.38161 0.40624 0.44672
116.6 0.019239 0.026904 0.022852 0.014309 0.42166 0.37841 0.40275 0.44261
116.7 0.019207 0.02686 0.022815 0.014286 0.41793 0.37524 0.39928 0.43854
116.8 0.019176 0.026816 0.022778 0.014262 0.41424 0.37209 0.39584 0.43451
116.9 0.019144 0.026772 0.02274 0.014239 0.41057 0.36897 0.39242 0.4305
117 0.019113 0.026728 0.022703 0.014216 0.40693 0.36587 0.38903 0.42653
117.1 0.019082 0.026685 0.022666 0.014193 0.40332 0.36279 0.38567 0.4226
117.2 0.019051 0.026642 0.02263 0.01417 0.39974 0.35974 0.38234 0.41869
117.3 0.01902 0.026598 0.022593 0.014146 0.39619 0.35671 0.37903 0.41482
117.4 0.018989 0.026555 0.022556 0.014123 0.39267 0.35371 0.37575 0.41099
117.5 0.018958 0.026512 0.02252 0.014101 0.38917 0.35072 0.37249 0.40718
117.6 0.018928 0.026469 0.022483 0.014078 0.38571 0.34777 0.36926 0.40341
117.7 0.018897 0.026427 0.022447 0.014055 0.38227 0.34483 0.36606 0.39967
117.8 0.018867 0.026384 0.022411 0.014032 0.37886 0.34192 0.36288 0.39596
117.9 0.018836 0.026342 0.022375 0.014009 0.37548 0.33903 0.35973 0.39228
118 0.018806 0.026299 0.022338 0.013987 0.37213 0.33616 0.3566 0.38864
118.1 0.018775 0.026257 0.022303 0.013964 0.3688 0.33332 0.3535 0.38502
118.2 0.018745 0.026215 0.022267 0.013942 0.36551 0.33049 0.35042 0.38144
118.3 0.018715 0.026173 0.022231 0.013919 0.36224 0.32769 0.34737 0.37789
118.4 0.018685 0.026131 0.022195 0.013897 0.35899 0.32491 0.34434 0.37436
118.5 0.018655 0.026089 0.02216 0.013875 0.35577 0.32216 0.34133 0.37087
118.6 0.018625 0.026047 0.022124 0.013852 0.35258 0.31942 0.33835 0.36741
118.7 0.018596 0.026005 0.022089 0.01383 0.34942 0.31671 0.3354 0.36398
118.8 0.018566 0.025964 0.022054 0.013808 0.34628 0.31402 0.33247 0.36057
118.9 0.018536 0.025923 0.022018 0.013786 0.34317 0.31135 0.32956 0.3572
119 0.018507 0.025881 0.021983 0.013764 0.34008 0.3087 0.32667 0.35385
119.1 0.018477 0.02584 0.021948 0.013742 0.33702 0.30607 0.32381 0.35054
119.2 0.018448 0.025799 0.021914 0.01372 0.33399 0.30346 0.32098 0.34725
119.3 0.018418 0.025758 0.021879 0.013698 0.33098 0.30087 0.31816 0.34399
119.4 0.018389 0.025717 0.021844 0.013677 0.328 0.2983 0.31537 0.34076
119.5 0.01836 0.025677 0.021809 0.013655 0.32504 0.29576 0.3126 0.33756
119.6 0.018331 0.025636 0.021775 0.013633 0.3221 0.29323 0.30985 0.33438
119.7 0.018302 0.025596 0.021741 0.013612 0.31919 0.29072 0.30713 0.33124
119.8 0.018273 0.025555 0.021706 0.01359 0.31631 0.28824 0.30443 0.32812
119.9 0.018244 0.025515 0.021672 0.013569 0.31344 0.28577 0.30175 0.32502
120 0.018216 0.025475 0.021638 0.013547 0.31061 0.28332 0.29909 0.32196
120.1 0.018187 0.025435 0.021604 0.013526 0.30779 0.2809 0.29645 0.31892
120.2 0.018158 0.025395 0.02157 0.013505 0.305 0.27849 0.29384 0.31591
120.3 0.01813 0.025355 0.021536 0.013483 0.30224 0.2761 0.29124 0.31292
120.4 0.018101 0.025315 0.021502 0.013462 0.29949 0.27373 0.28867 0.30996
120.5 0.018073 0.025276 0.021469 0.013441 0.29677 0.27138 0.28612 0.30703
120.6 0.018045 0.025236 0.021435 0.01342 0.29408 0.26905 0.28359 0.30412
120.7 0.018017 0.025197 0.021402 0.013399 0.2914 0.26673 0.28108 0.30124
120.8 0.017989 0.025158 0.021368 0.013378 0.28875 0.26444 0.27859 0.29838
120.9 0.017961 0.025119 0.021335 0.013357 0.28612 0.26216 0.27613 0.29555
121 0.017933 0.02508 0.021302 0.013336 0.28351 0.2599 0.27368 0.29274
121.1 0.017905 0.025041 0.021269 0.013316 0.28093 0.25766 0.27125 0.28996
121.2 0.017877 0.025002 0.021236 0.013295 0.27837 0.25544 0.26885 0.2872
121.3 0.017849 0.024963 0.021203 0.013274 0.27583 0.25324 0.26646 0.28447
121.4 0.017822 0.024925 0.02117 0.013254 0.27331 0.25105 0.26409 0.28176
121.5 0.017794 0.024886 0.021138 0.013233 0.27081 0.24888 0.26174 0.27908
121.6 0.017767 0.024848 0.021105 0.013213 0.26833 0.24673 0.25942 0.27642
121.7 0.017739 0.024809 0.021072 0.013192 0.26588 0.2446 0.25711 0.27378
121.8 0.017712 0.024771 0.02104 0.013172 0.26344 0.24248 0.25482 0.27117
121.9 0.017685 0.024733 0.021008 0.013152 0.26103 0.24038 0.25255 0.26858
122 0.017657 0.024695 0.020975 0.013131 0.25864 0.2383 0.2503 0.26601
122.1 0.01763 0.024657 0.020943 0.013111 0.25626 0.23624 0.24806 0.26347
122.2 0.017603 0.02462 0.020911 0.013091 0.25391 0.23419 0.24585 0.26094
122.3 0.017576 0.024582 0.020879 0.013071 0.25158 0.23216 0.24365 0.25845
122.4 0.017549 0.024544 0.020847 0.013051 0.24927 0.23014 0.24148 0.25597
122.5 0.017523 0.024507 0.020815 0.013031 0.24698 0.22814 0.23932 0.25352
122.6 0.017496 0.02447 0.020784 0.013011 0.24471 0.22616 0.23718 0.25108
122.7 0.017469 0.024432 0.020752 0.012991 0.24245 0.22419 0.23505 0.24867
122.8 0.017443 0.024395 0.02072 0.012971 0.24022 0.22224 0.23295 0.24629
122.9 0.017416 0.024358 0.020689 0.012952 0.23801 0.22031 0.23086 0.24392
123 0.01739 0.024321 0.020658 0.012932 0.23581 0.21839 0.22879 0.24157
123.1 0.017363 0.024285 0.020626 0.012912 0.23364 0.21649 0.22674 0.23925
123.2 0.017337 0.024248 0.020595 0.012893 0.23148 0.2146 0.22471 0.23695
123.3 0.017311 0.024211 0.020564 0.012873 0.22934 0.21273 0.22269 0.23466
123.4 0.017285 0.024175 0.020533 0.012854 0.22722 0.21087 0.22069 0.2324
123.5 0.017259 0.024138 0.020502 0.012834 0.22512 0.20903 0.2187 0.23016
123.6 0.017233 0.024102 0.020471 0.012815 0.22304 0.20721 0.21674 0.22794
123.7 0.017207 0.024066 0.020441 0.012796 0.22098 0.2054 0.21479 0.22574
123.8 0.017181 0.02403 0.02041 0.012776 0.21893 0.2036 0.21285 0.22356
123.9 0.017155 0.023994 0.020379 0.012757 0.2169 0.20182 0.21094 0.2214
124 0.01713 0.023958 0.020349 0.012738 0.21489 0.20005 0.20903 0.21926
124.1 0.017104 0.023922 0.020318 0.012719 0.2129 0.1983 0.20715 0.21713
124.2 0.017078 0.023887 0.020288 0.0127 0.21092 0.19656 0.20528 0.21503
124.3 0.017053 0.023851 0.020258 0.012681 0.20896 0.19484 0.20343 0.21295
124.4 0.017028 0.023816 0.020228 0.012662 0.20702 0.19313 0.20159 0.21089
124.5 0.017002 0.02378 0.020198 0.012643 0.2051 0.19144 0.19977 0.20884
124.6 0.016977 0.023745 0.020168 0.012624 0.20319 0.18976 0.19796 0.20681
124.7 0.016952 0.02371 0.020138 0.012606 0.2013 0.18809 0.19617 0.20481
124.8 0.016927 0.023675 0.020108 0.012587 0.19943 0.18644 0.1944 0.20282
124.9 0.016902 0.02364 0.020078 0.012568 0.19757 0.1848 0.19264 0.20085
125 0.016877 0.023605 0.020049 0.01255 0.19573 0.18317 0.19089 0.19889
125.1 0.016852 0.02357 0.020019 0.012531 0.1939 0.18156 0.18916 0.19696
125.2 0.016827 0.023536 0.01999 0.012513 0.1921 0.17996 0.18745 0.19504
125.3 0.016802 0.023501 0.01996 0.012494 0.1903 0.17838 0.18575 0.19314
125.4 0.016778 0.023467 0.019931 0.012476 0.18853 0.17681 0.18406 0.19126
125.5 0.016753 0.023432 0.019902 0.012458 0.18676 0.17525 0.18239 0.1894
125.6 0.016728 0.023398 0.019873 0.012439 0.18502 0.1737 0.18073 0.18755
125.7 0.016704 0.023364 0.019844 0.012421 0.18329 0.17217 0.17909 0.18572
125.8 0.01668 0.02333 0.019815 0.012403 0.18157 0.17065 0.17746 0.18391
125.9 0.016655 0.023296 0.019786 0.012385 0.17987 0.16914 0.17585 0.18211
126 0.016631 0.023262 0.019757 0.012367 0.17819 0.16765 0.17425 0.18033
126.1 0.016607 0.023228 0.019728 0.012349 0.17652 0.16616 0.17266 0.17857
126.2 0.016583 0.023194 0.0197 0.012331 0.17487 0.16469 0.17109 0.17682
126.3 0.016559 0.023161 0.019671 0.012313 0.17323 0.16324 0.16953 0.17509
126.4 0.016535 0.023127 0.019643 0.012295 0.1716 0.16179 0.16798 0.17337
126.5 0.016511 0.023094 0.019614 0.012277 0.16999 0.16036 0.16645 0.17168
126.6 0.016487 0.023061 0.019586 0.012259 0.16839 0.15894 0.16493 0.16999
126.7 0.016463 0.023027 0.019558 0.012242 0.16681 0.15753 0.16342 0.16833
126.8 0.016439 0.022994 0.01953 0.012224 0.16524 0.15613 0.16193 0.16668
126.9 0.016416 0.022961 0.019502 0.012206 0.16369 0.15475 0.16045 0.16504
127 0.016392 0.022928 0.019474 0.012189 0.16215 0.15337 0.15899 0.16342
127.1 0.016369 0.022896 0.019446 0.012171 0.16062 0.15201 0.15753 0.16181
127.2 0.016345 0.022863 0.019418 0.012154 0.15911 0.15066 0.15609 0.16022
127.3 0.016322 0.02283 0.01939 0.012137 0.15761 0.14932 0.15466 0.15865
127.4 0.016299 0.022798 0.019363 0.012119 0.15613 0.14799 0.15324 0.15709
127.5 0.016276 0.022765 0.019335 0.012102 0.15465 0.14668 0.15184 0.15554
127.6 0.016252 0.022733 0.019308 0.012085 0.1532 0.14537 0.15045 0.15401
127.7 0.016229 0.022701 0.01928 0.012067 0.15175 0.14408 0.14907 0.15249
127.8 0.016206 0.022669 0.019253 0.01205 0.15032 0.1428 0.1477 0.15099
127.9 0.016183 0.022637 0.019226 0.012033 0.1489 0.14152 0.14634 0.1495
128 0.01616 0.022605 0.019199 0.012016 0.14749 0.14026 0.145 0.14803
128.1 0.016138 0.022573 0.019171 0.011999 0.1461 0.13901 0.14367 0.14657
128.2 0.016115 0.022541 0.019144 0.011982 0.14471 0.13777 0.14235 0.14512
128.3 0.016092 0.022509 0.019118 0.011965 0.14334 0.13654 0.14104 0.14369
128.4 0.01607 0.022478 0.019091 0.011948 0.14199 0.13532 0.13974 0.14227
128.5 0.016047 0.022446 0.019064 0.011932 0.14064 0.13411 0.13846 0.14086
128.6 0.016025 0.022415 0.019037 0.011915 0.13931 0.13291 0.13718 0.13947
128.7 0.016002 0.022384 0.019011 0.011898 0.13799 0.13173 0.13592 0.13809
128.8 0.01598 0.022352 0.018984 0.011882 0.13668 0.13055 0.13467 0.13672
128.9 0.015958 0.022321 0.018958 0.011865 0.13539 0.12938 0.13342 0.13537
129 0.015935 0.02229 0.018931 0.011848 0.1341 0.12822 0.13219 0.13403
129.1 0.015913 0.022259 0.018905 0.011832 0.13283 0.12707 0.13097 0.1327
129.2 0.015891 0.022229 0.018879 0.011816 0.13157 0.12594 0.12977 0.13138
129.3 0.015869 0.022198 0.018853 0.011799 0.13032 0.12481 0.12857 0.13008
129.4 0.015847 0.022167 0.018827 0.011783 0.12908 0.12369 0.12738 0.12879
129.5 0.015825 0.022137 0.018801 0.011766 0.12785 0.12258 0.1262 0.12751
129.6 0.015803 0.022106 0.018775 0.01175 0.12663 0.12148 0.12504 0.12624
129.7 0.015782 0.022076 0.018749 0.011734 0.12543 0.12039 0.12388 0.12499
129.8 0.01576 0.022045 0.018723 0.011718 0.12424 0.11931 0.12273 0.12375
129.9 0.015738 0.022015 0.018698 0.011702 0.12305 0.11824 0.1216 0.12252
130 0.015717 0.021985 0.018672 0.011686 0.12188 0.11718 0.12047 0.1213
130.1 0.015695 0.021955 0.018647 0.01167 0.12072 0.11612 0.11936 0.12009
130.2 0.015674 0.021925 0.018621 0.011654 0.11957 0.11508 0.11825 0.1189
130.3 0.015653 0.021895 0.018596 0.011638 0.11843 0.11404 0.11716 0.11772
130.4 0.015631 0.021866 0.01857 0.011622 0.1173 0.11302 0.11607 0.11654
130.5 0.01561 0.021836 0.018545 0.011606 0.11618 0.112 0.11499 0.11538
130.6 0.015589 0.021806 0.01852 0.01159 0.11507 0.11099 0.11393 0.11423
130.7 0.015568 0.021777 0.018495 0.011575 0.11397 0.10999 0.11287 0.11309
130.8 0.015547 0.021748 0.01847 0.011559 0.11288 0.109 0.11182 0.11196
130.9 0.015526 0.021718 0.018445 0.011543 0.1118 0.10802 0.11078 0.11085
131 0.015505 0.021689 0.01842 0.011528 0.11073 0.10704 0.10975 0.10974
131.1 0.015484 0.02166 0.018396 0.011512 0.10967 0.10608 0.10873 0.10865
131.2 0.015463 0.021631 0.018371 0.011497 0.10862 0.10512 0.10772 0.10756
131.3 0.015442 0.021602 0.018346 0.011481 0.10758 0.10417 0.10672 0.10649
131.4 0.015422 0.021573 0.018322 0.011466 0.10655 0.10323 0.10573 0.10542
131.5 0.015401 0.021544 0.018297 0.011451 0.10553 0.1023 0.10474 0.10437
131.6 0.015381 0.021516 0.018273 0.011435 0.10452 0.10137 0.10377 0.10332
131.7 0.01536 0.021487 0.018249 0.01142 0.10352 0.10046 0.1028 0.10229
131.8 0.01534 0.021459 0.018224 0.011405 0.10253 0.099549 0.10184 0.10127
131.9 0.015319 0.02143 0.0182 0.01139 0.10154 0.098648 0.10089 0.10025
132 0.015299 0.021402 0.018176 0.011375 0.10057 0.097756 0.099953 0.099248
132.1 0.015279 0.021374 0.018152 0.011359 0.099604 0.096871 0.099021 0.098254
132.2 0.015259 0.021345 0.018128 0.011344 0.098647 0.095994 0.098097 0.097269
132.3 0.015239 0.021317 0.018104 0.011329 0.0977 0.095124 0.097181 0.096294
132.4 0.015219 0.021289 0.018081 0.011315 0.096761 0.094262 0.096274 0.095328
132.5 0.015199 0.021261 0.018057 0.0113 0.095831 0.093408 0.095375 0.094372
132.6 0.015179 0.021234 0.018033 0.011285 0.09491 0.092561 0.094484 0.093425
132.7 0.015159 0.021206 0.01801 0.01127 0.093997 0.091721 0.093601 0.092487
132.8 0.015139 0.021178 0.017986 0.011255 0.093092 0.090889 0.092726 0.091558
132.9 0.015119 0.021151 0.017963 0.011241 0.092197 0.090064 0.091858 0.090639
133 0.0151 0.021123 0.017939 0.011226 0.091309 0.089246 0.090999 0.089728
133.1 0.01508 0.021096 0.017916 0.011211 0.09043 0.088436 0.090147 0.088826
133.2 0.01506 0.021069 0.017893 0.011197 0.089558 0.087632 0.089304 0.087933
133.3 0.015041 0.021041 0.01787 0.011182 0.088695 0.086836 0.088467 0.087049
133.4 0.015022 0.021014 0.017847 0.011168 0.08784 0.086046 0.087639 0.086173
133.5 0.015002 0.020987 0.017824 0.011153 0.086993 0.085264 0.086817 0.085306
133.6 0.014983 0.02096 0.017801 0.011139 0.086154 0.084488 0.086004 0.084447
133.7 0.014964 0.020933 0.017778 0.011125 0.085323 0.08372 0.085197 0.083597
133.8 0.014944 0.020907 0.017755 0.01111 0.084499 0.082957 0.084398 0.082755
133.9 0.014925 0.02088 0.017733 0.011096 0.083684 0.082202 0.083607 0.081921
134 0.014906 0.020853 0.01771 0.011082 0.082875 0.081453 0.082822 0.081095
134.1 0.014887 0.020827 0.017687 0.011068 0.082075 0.080711 0.082045 0.080278
134.2 0.014868 0.0208 0.017665 0.011054 0.081282 0.079976 0.081274 0.079468
134.3 0.014849 0.020774 0.017642 0.01104 0.080496 0.079247 0.080511 0.078667
134.4 0.014831 0.020747 0.01762 0.011025 0.079718 0.078524 0.079754 0.077873
134.5 0.014812 0.020721 0.017598 0.011012 0.078947 0.077808 0.079005 0.077087
134.6 0.014793 0.020695 0.017576 0.010998 0.078183 0.077098 0.078262 0.076309
134.7 0.014774 0.020669 0.017553 0.010984 0.077426 0.076394 0.077526 0.075538
134.8 0.014756 0.020643 0.017531 0.01097 0.076677 0.075697 0.076797 0.074775
134.9 0.014737 0.020617 0.017509 0.010956 0.075934 0.075006 0.076074 0.07402
135 0.014719 0.020591 0.017487 0.010942 0.075199 0.07432 0.075358 0.073272
135.1 0.0147 0.020566 0.017466 0.010929 0.07447 0.073641 0.074649 0.072531
135.2 0.014682 0.02054 0.017444 0.010915 0.073749 0.072968 0.073946 0.071797
135.3 0.014664 0.020515 0.017422 0.010901 0.073034 0.072301 0.073249 0.071071
135.4 0.014646 0.020489 0.0174 0.010888 0.072326 0.07164 0.072559 0.070352
135.5 0.014627 0.020464 0.017379 0.010874 0.071624 0.070985 0.071875 0.06964
135.6 0.014609 0.020438 0.017357 0.010861 0.070929 0.070335 0.071197 0.068935
135.7 0.014591 0.020413 0.017336 0.010847 0.070241 0.069691 0.070526 0.068237
135.8 0.014573 0.020388 0.017315 0.010834 0.069559 0.069053 0.069861 0.067546
135.9 0.014555 0.020363 0.017293 0.01082 0.068884 0.068421 0.069201 0.066862
136 0.014537 0.020338 0.017272 0.010807 0.068215 0.067794 0.068548 0.066184
136.1 0.01452 0.020313 0.017251 0.010794 0.067552 0.067173 0.067901 0.065513
136.2 0.014502 0.020288 0.01723 0.010781 0.066896 0.066557 0.06726 0.064849
136.3 0.014484 0.020264 0.017209 0.010767 0.066245 0.065947 0.066625 0.064192
136.4 0.014466 0.020239 0.017188 0.010754 0.065601 0.065342 0.065995 0.063541
136.5 0.014449 0.020214 0.017167 0.010741 0.064963 0.064743 0.065371 0.062896
136.6 0.014431 0.02019 0.017146 0.010728 0.064332 0.064149 0.064753 0.062258
136.7 0.014414 0.020165 0.017125 0.010715 0.063706 0.06356 0.064141 0.061626
136.8 0.014396 0.020141 0.017105 0.010702 0.063086 0.062977 0.063534 0.061
136.9 0.014379 0.020117 0.017084 0.010689 0.062472 0.062399 0.062933 0.06038
137 0.014362 0.020093 0.017063 0.010676 0.061863 0.061826 0.062338 0.059767
137.1 0.014344 0.020068 0.017043 0.010663 0.061261 0.061258 0.061748 0.05916
137.2 0.014327 0.020044 0.017023 0.01065 0.060664 0.060695 0.061163 0.058559
137.3 0.01431 0.02002 0.017002 0.010638 0.060073 0.060137 0.060584 0.057963
137.4 0.014293 0.019997 0.016982 0.010625 0.059487 0.059584 0.06001 0.057374
137.5 0.014276 0.019973 0.016962 0.010612 0.058907 0.059036 0.059442 0.056791
