0 0.00014783 0.00018384 0.00018384 0.00014783 70 70 70 70
0.1 0.00014788 0.00018391 0.00018391 0.00014788 70 70 70 70
0.2 0.00014803 0.00018412 0.00018412 0.00014803 70 70 70 70
0.3 0.00014828 0.00018446 0.00018446 0.00014828 70 70 70 70
0.4 0.00014863 0.00018495 0.00018495 0.00014863 70 70 70 70
0.5 0.00014909 0.00018557 0.00018557 0.00014909 70 70 70 70
0.6 0.00014964 0.00018634 0.00018634 0.00014964 70 70 70 70
0.7 0.0001503 0.00018724 0.00018724 0.0001503 70 70 70 70
0.8 0.00015107 0.00018829 0.00018829 0.00015107 70 70 70 70
0.9 0.00015193 0.00018948 0.00018948 0.00015193 70 70 70 70
1 0.00015291 0.00019082 0.00019082 0.00015291 70 70 70 70
1.1 0.00015398 0.0001923 0.0001923 0.00015398 70 70 70 70
1.2 0.00015517 0.00019393 0.00019393 0.00015517 70 70 70 70
1.3 0.00015646 0.0001957 0.0001957 0.00015646 70 70 70 70
1.4 0.00015786 0.00019764 0.00019764 0.00015786 70 70 70 70
1.5 0.00015938 0.00019972 0.00019972 0.00015938 70 70 70 70
1.6 0.000161 0.00020196 0.00020196 0.000161 70 70 70 70
1.7 0.00016275 0.00020436 0.00020436 0.00016275 70 70 70 70
1.8 0.0001646 0.00020692 0.00020692 0.0001646 70 70 70 70
1.9 0.00016658 0.00020964 0.00020964 0.00016658 70 70 70 70
2 0.00016867 0.00021253 0.00021253 0.00016867 70 70 70 70
2.1 0.00017089 0.0002156 0.0002156 0.00017089 70 70 70 70
2.2 0.00017323 0.00021883 0.00021883 0.00017323 70 70 70 70
2.3 0.0001757 0.00022225 0.00022225 0.0001757 70 70 70 70
2.4 0.00017829 0.00022584 0.00022584 0.00017829 70 70 70 70
2.5 0.00018102 0.00022963 0.00022963 0.00018102 70 70 70 70
2.6 0.00018389 0.0002336 0.0002336 0.00018389 70 70 70 70
2.7 0.00018689 0.00023777 0.00023777 0.00018689 70 70 70 70
2.8 0.00019003 0.00024213 0.00024213 0.00019003 70 70 70 70
2.9 0.00019332 0.0002467 0.0002467 0.00019332 70 70 70 70
3 0.00019676 0.00025148 0.00025148 0.00019676 70 70 70 70
3.1 0.00020034 0.00025648 0.00025648 0.00020034 70 70 70 70
3.2 0.00020408 0.0002617 0.0002617 0.00020408 70 70 70 70
3.3 0.00020798 0.00026714 0.00026714 0.00020798 70 70 70 70
3.4 0.00021205 0.00027282 0.00027282 0.00021205 70 70 70 70
3.5 0.00021628 0.00027873 0.00027873 0.00021628 70 70 70 70
3.6 0.00022068 0.00028489 0.00028489 0.00022068 70 70 70 70
3.7 0.00022525 0.00029131 0.00029131 0.00022525 70 70 70 70
3.8 0.00023001 0.00029799 0.00029799 0.00023001 70 70 70 70
3.9 0.00023496 0.00030493 0.00030493 0.00023496 70 70 70 70
4 0.00024009 0.00031216 0.00031216 0.00024009 70 70 70 70
4.1 0.00024542 0.00031967 0.00031967 0.00024542 70 70 70 70
4.2 0.00025096 0.00032747 0.00032747 0.00025096 70 70 70 70
4.3 0.0002567 0.00033557 0.00033557 0.0002567 70 70 70 70
4.4 0.00026265 0.00034399 0.00034399 0.00026265 70 70 70 70
4.5 0.00026883 0.00035273 0.00035273 0.00026883 70 70 70 70
4.6 0.00027523 0.0003618 0.0003618 0.00027523 70 70 70 70
4.7 0.00028187 0.00037122 0.00037122 0.00028187 70 70 70 70
4.8 0.00028874 0.00038099 0.00038099 0.00028874 70 70 70 70
4.9 0.00029587 0.00039112 0.00039112 0.00029587 70 70 70 70
5 0.00030325 0.00040163 0.00040163 0.00030325 70 70 70 70
5.1 0.00031089 0.00041253 0.00041253 0.00031089 70 70 70 70
5.2 0.0003188 0.00042384 0.00042384 0.0003188 70 70 70 70
5.3 0.000327 0.00043556 0.00043556 0.000327 70 70 70 70
5.4 0.00033548 0.00044771 0.00044771 0.00033548 70 70 70 70
5.5 0.00034426 0.0004603 0.0004603 0.00034426 70 70 70 70
5.6 0.00035335 0.00047336 0.00047336 0.00035335 70 70 70 70
5.7 0.00036275 0.00048688 0.00048688 0.00036275 70 70 70 70
5.8 0.00037248 0.0005009 0.0005009 0.00037248 70 70 70 70
5.9 0.00038254 0.00051542 0.00051542 0.00038254 70 70 70 70
6 0.00039296 0.00053047 0.00053047 0.00039296 70 70 70 70
6.1 0.00040373 0.00054606 0.00054606 0.00040373 70 70 70 70
6.2 0.00041488 0.00056222 0.00056222 0.00041488 70 70 70 70
6.3 0.0004264 0.00057895 0.00057895 0.0004264 70 70 70 70
6.4 0.00043833 0.00059628 0.00059628 0.00043833 70 70 70 70
6.5 0.00045066 0.00061423 0.00061423 0.00045066 70 70 70 70
6.6 0.00046341 0.00063283 0.00063283 0.00046341 70 70 70 70
6.7 0.00047659 0.00065209 0.00065209 0.00047659 70 70 70 70
6.8 0.00049023 0.00067203 0.00067203 0.00049023 70 70 70 70
6.9 0.00050433 0.00069269 0.00069269 0.00050433 70 70 70 70
7 0.00051891 0.00071409 0.00071409 0.00051891 70 70 70 70
7.1 0.00053399 0.00073625 0.00073625 0.00053399 70 70 70 70
7.2 0.00054957 0.0007592 0.0007592 0.00054957 70 70 70 70
7.3 0.00056569 0.00078296 0.00078296 0.00056569 70 70 70 70
7.4 0.00058235 0.00080757 0.00080757 0.00058235 70 70 70 70
7.5 0.00059958 0.00083306 0.00083306 0.00059958 70 70 70 70
7.6 0.00061739 0.00085945 0.00085945 0.00061739 70 70 70 70
7.7 0.00063581 0.00088678 0.00088678 0.00063581 70 70 70 70
7.8 0.00065485 0.00091509 0.00091509 0.00065485 70 70 70 70
7.9 0.00067453 0.0009444 0.0009444 0.00067453 70 70 70 70
8 0.00069488 0.00097475 0.00097475 0.00069488 70 70 70 70
8.1 0.00071592 0.0010062 0.0010062 0.00071592 70 70 70 70
8.2 0.00073767 0.0010387 0.0010387 0.00073767 70 70 70 70
8.3 0.00076015 0.0010724 0.0010724 0.00076015 70 70 70 70
8.4 0.0007834 0.0011073 0.0011073 0.0007834 70 70 70 70
8.5 0.00080743 0.0011435 0.0011435 0.00080743 70 70 70 70
8.6 0.00083228 0.0011809 0.0011809 0.00083228 70 70 70 70
8.7 0.00085796 0.0012197 0.0012197 0.00085796 70 70 70 70
8.8 0.00088452 0.0012598 0.0012598 0.00088452 70 70 70 70
8.9 0.00091197 0.0013014 0.0013014 0.00091197 70 70 70 70
9 0.00094036 0.0013445 0.0013445 0.00094036 70 70 70 70
9.1 0.0009697 0.0013891 0.0013891 0.0009697 70 70 70 70
9.2 0.001 0.0014353 0.0014353 0.001 70 70 70 70
9.3 0.0010314 0.0014831 0.0014831 0.0010314 70 70 70 70
9.4 0.0010638 0.0015326 0.0015326 0.0010638 70 70 70 70
9.5 0.0010974 0.0015839 0.0015839 0.0010974 70 70 70 70
9.6 0.001132 0.0016371 0.0016371 0.001132 70 70 70 70
9.7 0.0011679 0.0016921 0.0016921 0.0011679 70 70 70 70
9.8 0.0012049 0.0017491 0.0017491 0.0012049 70 70 70 70
9.9 0.0012432 0.0018081 0.0018081 0.0012432 70 70 70 70
10 0.0012829 0.0018693 0.0018693 0.0012829 70 70 70 70
10.1 0.0013238 0.0019326 0.0019326 0.0013238 70 70 70 70
10.2 0.0013662 0.0019982 0.0019982 0.0013662 70 70 70 70
10.3 0.00141 0.0020662 0.0020662 0.00141 70 70 70 70
10.4 0.0014553 0.0021366 0.0021366 0.0014553 70 70 70 70
10.5 0.0015021 0.0022095 0.0022095 0.0015021 70 70 70 70
10.6 0.0015505 0.002285 0.002285 0.0015505 70 70 70 70
10.7 0.0016006 0.0023632 0.0023632 0.0016006 70 70 70 70
10.8 0.0016523 0.0024443 0.0024443 0.0016523 70 70 70 70
10.9 0.0017059 0.0025282 0.0025282 0.0017059 70 70 70 70
11 0.0017613 0.0026152 0.0026152 0.0017613 70 70 70 70
11.1 0.0018185 0.0027053 0.0027053 0.0018185 70 70 70 70
11.2 0.0018777 0.0027987 0.0027987 0.0018777 70 70 70 70
11.3 0.0019389 0.0028954 0.0028954 0.0019389 70 70 70 70
11.4 0.0020023 0.0029955 0.0029955 0.0020023 70 70 70 70
11.5 0.0020678 0.0030993 0.0030993 0.0020678 70 70 70 70
11.6 0.0021355 0.0032069 0.0032069 0.0021355 70 70 70 70
11.7 0.0022055 0.0033183 0.0033183 0.0022055 70 70 70 70
11.8 0.002278 0.0034337 0.0034337 0.002278 70 70 70 70
11.9 0.0023529 0.0035533 0.0035533 0.0023529 70 70 70 70
12 0.0024304 0.0036772 0.0036772 0.0024304 70 70 70 70
12.1 0.0025105 0.0038056 0.0038056 0.0025105 70 70 70 70
12.2 0.0025934 0.0039386 0.0039386 0.0025934 70 70 70 70
12.3 0.0026791 0.0040765 0.0040765 0.0026791 70 70 70 70
12.4 0.0027678 0.0042193 0.0042193 0.0027678 70 70 70 70
12.5 0.0028595 0.0043673 0.0043673 0.0028595 70 70 70 70
12.6 0.0029544 0.0045207 0.0045207 0.0029544 70 70 70 70
12.7 0.0030526 0.0046796 0.0046796 0.0030526 70 70 70 70
12.8 0.0031541 0.0048443 0.0048443 0.0031541 70 70 70 70
12.9 0.0032591 0.005015 0.005015 0.0032591 70 70 70 70
13 0.0033677 0.0051918 0.0051918 0.0033677 70 70 70 70
13.1 0.0034801 0.0053751 0.0053751 0.0034801 70 70 70 70
13.2 0.0035963 0.005565 0.005565 0.0035963 70 70 70 70
13.3 0.0037165 0.0057618 0.0057618 0.0037165 70 70 70 70
13.4 0.0038409 0.0059658 0.0059658 0.0038409 70 70 70 70
13.5 0.0039696 0.0061772 0.0061772 0.0039696 70 70 70 70
13.6 0.0041027 0.0063963 0.0063963 0.0041027 70 70 70 70
13.7 0.0042404 0.0066234 0.0066234 0.0042404 70 70 70 70
13.8 0.0043829 0.0068588 0.0068588 0.0043829 70 70 70 70
13.9 0.0045303 0.0071027 0.0071027 0.0045303 70 70 70 70
14 0.0046828 0.0073555 0.0073555 0.0046828 70 70 70 70
14.1 0.0048406 0.0076175 0.0076175 0.0048406 70 70 70 70
14.2 0.0050038 0.0078891 0.0078891 0.0050038 70 70 70 70
14.3 0.0051727 0.0081706 0.0081706 0.0051727 70 70 70 70
14.4 0.0053474 0.0084624 0.0084624 0.0053474 70 70 70 70
14.5 0.0055282 0.0087648 0.0087648 0.0055282 70 70 70 70
14.6 0.0057152 0.0090783 0.0090783 0.0057152 70 70 70 70
14.7 0.0059088 0.0094033 0.0094033 0.0059088 70 70 70 70
14.8 0.006109 0.0097402 0.0097402 0.006109 70 70 70 70
14.9 0.0063163 0.010089 0.010089 0.0063163 70 70 70 70
15 0.0065307 0.010451 0.010451 0.0065307 70 70 70 70
15.1 0.0067525 0.010827 0.010827 0.0067525 70 70 70 70
15.2 0.0069821 0.011215 0.011215 0.0069821 70 70 70 70
15.3 0.0072196 0.011619 0.011619 0.0072196 70 70 70 70
15.4 0.0074654 0.012037 0.012037 0.0074654 70 70 70 70
15.5 0.0077198 0.01247 0.01247 0.0077198 70 70 70 70
15.6 0.007983 0.012919 0.012919 0.007983 70 70 70 70
15.7 0.0082553 0.013385 0.013385 0.0082553 70 70 70 70
15.8 0.0085372 0.013868 0.013868 0.0085372 70 70 70 70
15.9 0.0088289 0.014368 0.014368 0.0088289 70 70 70 70
16 0.0091307 0.014887 0.014887 0.0091307 70 70 70 70
16.1 0.0094431 0.015425 0.015425 0.0094431 70 70 70 70
16.2 0.0097664 0.015983 0.015983 0.0097664 70 70 70 70
16.3 0.010101 0.016562 0.016562 0.010101 70 70 70 70
16.4 0.010447 0.017161 0.017161 0.010447 70 70 70 70
16.5 0.010806 0.017783 0.017783 0.010806 70 70 70 70
16.6 0.011176 0.018428 0.018428 0.011176 70 70 70 70
16.7 0.01156 0.019096 0.019096 0.01156 70 70 70 70
16.8 0.011957 0.019789 0.019789 0.011957 70 70 70 70
16.9 0.012369 0.020507 0.020507 0.012369 70 70 70 70
17 0.012794 0.021253 0.021253 0.012794 70 70 70 70
17.1 0.013234 0.022025 0.022025 0.013234 70 70 70 70
17.2 0.01369 0.022826 0.022826 0.01369 70 70 70 70
17.3 0.014162 0.023657 0.023657 0.014162 70 70 70 70
17.4 0.01465 0.024518 0.024518 0.01465 70 70 70 70
17.5 0.015156 0.025411 0.025411 0.015156 70 70 70 70
17.6 0.015679 0.026337 0.026337 0.015679 70 70 70 70
17.7 0.016221 0.027298 0.027298 0.016221 70 70 70 70
17.8 0.016781 0.028294 0.028294 0.016781 70 70 70 70
17.9 0.017361 0.029326 0.029326 0.017361 70 70 70 70
18 0.017962 0.030397 0.030397 0.017962 70 70 70 70
18.1 0.018583 0.031508 0.031508 0.018583 70 70 70 70
18.2 0.019227 0.03266 0.03266 0.019227 70 70 70 70
18.3 0.019893 0.033854 0.033854 0.019893 70 70 70 70
18.4 0.020582 0.035093 0.035093 0.020582 70 70 70 70
18.5 0.021296 0.036377 0.036377 0.021296 70 70 70 70
18.6 0.022035 0.037709 0.037709 0.022035 70 70 70 70
18.7 0.0228 0.039091 0.039091 0.0228 70 70 70 70
18.8 0.023592 0.040524 0.040524 0.023592 70 70 70 70
18.9 0.024411 0.04201 0.04201 0.024411 70 70 70 70
19 0.02526 0.043551 0.043551 0.02526 70 70 70 70
19.1 0.026138 0.045149 0.045149 0.026138 70 70 70 70
19.2 0.027047 0.046807 0.046807 0.027047 70 70 70 70
19.3 0.027989 0.048526 0.048526 0.027989 70 70 70 70
19.4 0.028963 0.050309 0.050309 0.028963 70 70 70 70
19.5 0.029972 0.052159 0.052159 0.029972 70 70 70 70
19.6 0.031017 0.054077 0.054077 0.031017 70 70 70 70
19.7 0.032098 0.056066 0.056066 0.032098 70 70 70 70
19.8 0.033218 0.05813 0.05813 0.033218 70 70 70 70
19.9 0.034377 0.06027 0.06027 0.034377 70 69.735 69.735 70
20 0.035577 0.0624 0.0624 0.035577 70 69.471 69.471 70
20.1 0.036819 0.064519 0.064519 0.036819 70 69.209 69.209 70
20.2 0.038106 0.066627 0.066627 0.038106 70 68.948 68.948 70
20.3 0.039437 0.068725 0.068725 0.039437 70 68.688 68.688 70
20.4 0.040816 0.070813 0.070813 0.040816 70 68.43 68.43 70
20.5 0.042244 0.07289 0.07289 0.042244 70 68.173 68.173 70
20.6 0.043722 0.074958 0.074958 0.043722 70 67.917 67.917 70
20.7 0.045252 0.077015 0.077015 0.045252 70 67.662 67.662 70
20.8 0.046837 0.079062 0.079062 0.046837 70 67.409 67.409 70
20.9 0.048477 0.0811 0.0811 0.048477 70 67.156 67.156 70
21 0.050176 0.083128 0.083128 0.050176 70 66.905 66.905 70
21.1 0.051935 0.085146 0.085146 0.051935 70 66.655 66.655 70
21.2 0.053756 0.087155 0.087155 0.053756 70 66.407 66.407 70
21.3 0.055642 0.089154 0.089154 0.055642 70 66.159 66.159 70
21.4 0.057595 0.091144 0.091144 0.057595 70 65.913 65.913 70
21.5 0.059616 0.093125 0.093125 0.059616 70 65.668 65.668 70
21.6 0.06171 0.095096 0.095096 0.06171 69.741 65.423 65.423 69.741
21.7 0.063794 0.097059 0.097059 0.063794 69.484 65.181 65.181 69.484
21.8 0.065868 0.099012 0.099012 0.065868 69.228 64.939 64.939 69.228
21.9 0.067933 0.10096 0.10096 0.067933 68.972 64.698 64.698 68.972
22 0.069988 0.10289 0.10289 0.069988 68.718 64.458 64.458 68.718
22.1 0.072034 0.10482 0.10482 0.072034 68.466 64.22 64.22 68.466
22.2 0.074071 0.10674 0.10674 0.074071 68.214 63.982 63.982 68.214
22.3 0.076099 0.10865 0.10865 0.076099 67.963 63.746 63.746 67.963
22.4 0.078117 0.11055 0.11055 0.078117 67.714 63.511 63.511 67.714
22.5 0.080127 0.11244 0.11244 0.080127 67.466 63.276 63.276 67.466
22.6 0.082127 0.11432 0.11432 0.082127 67.218 63.043 63.043 67.218
22.7 0.084119 0.1162 0.1162 0.084119 66.972 62.811 62.811 66.972
22.8 0.086102 0.11807 0.11807 0.086102 66.727 62.58 62.58 66.727
22.9 0.088077 0.11993 0.11993 0.088077 66.483 62.35 62.35 66.483
23 0.090043 0.12178 0.12178 0.090043 66.24 62.12 62.12 66.24
23.1 0.092 0.12362 0.12362 0.092 65.999 61.892 61.892 65.999
23.2 0.093949 0.12546 0.12546 0.093949 65.758 61.665 61.665 65.758
23.3 0.095889 0.12728 0.12728 0.095889 65.518 61.439 61.439 65.518
23.4 0.097821 0.1291 0.1291 0.097821 65.279 61.214 61.214 65.279
23.5 0.099745 0.13091 0.13091 0.099745 65.042 60.989 60.989 65.042
23.6 0.10166 0.13272 0.13272 0.10166 64.805 60.766 60.766 64.805
23.7 0.10357 0.13451 0.13451 0.10357 64.569 60.543 60.543 64.569
23.8 0.10547 0.1363 0.1363 0.10547 64.334 60.322 60.322 64.334
23.9 0.10736 0.13808 0.13808 0.10736 64.101 60.101 60.101 64.101
24 0.10924 0.13986 0.13986 0.10924 63.868 59.882 59.882 63.868
24.1 0.11112 0.14163 0.14163 0.11112 63.636 59.663 59.663 63.636
24.2 0.11299 0.14338 0.14338 0.11299 63.405 59.445 59.445 63.405
24.3 0.11485 0.14514 0.14514 0.11485 63.175 59.228 59.228 63.175
24.4 0.1167 0.14688 0.14688 0.1167 62.947 59.012 59.012 62.947
24.5 0.11855 0.14862 0.14862 0.11855 62.719 58.797 58.797 62.719
24.6 0.12038 0.15035 0.15035 0.12038 62.491 58.583 58.583 62.491
24.7 0.12221 0.15207 0.15207 0.12221 62.265 58.37 58.37 62.265
24.8 0.12404 0.15379 0.15379 0.12404 62.04 58.157 58.157 62.04
24.9 0.12585 0.1555 0.1555 0.12585 61.816 57.946 57.946 61.816
25 0.12766 0.1572 0.1572 0.12766 61.592 57.735 57.735 61.592
25.1 0.12946 0.1589 0.1589 0.12946 61.37 57.525 57.525 61.37
25.2 0.13117 0.1605 0.1605 0.13117 61.148 57.316 57.316 61.148
25.3 0.13278 0.16201 0.16201 0.13278 60.928 57.108 57.108 60.928
25.4 0.1343 0.16342 0.16342 0.1343 60.708 56.9 56.9 60.708
25.5 0.13572 0.16475 0.16475 0.13572 60.489 56.694 56.694 60.489
25.6 0.13705 0.16597 0.16597 0.13705 60.271 56.489 56.489 60.271
25.7 0.13829 0.16711 0.16711 0.13829 60.055 56.284 56.284 60.055
25.8 0.13943 0.16816 0.16816 0.13943 59.839 56.08 56.08 59.839
25.9 0.14049 0.16911 0.16911 0.14049 59.624 55.877 55.877 59.624
26 0.14145 0.16998 0.16998 0.14145 59.41 55.675 55.675 59.41
26.1 0.14232 0.17075 0.17075 0.14232 59.196 55.474 55.474 59.196
26.2 0.1431 0.17143 0.17143 0.1431 58.984 55.274 55.274 58.984
26.3 0.14379 0.17203 0.17203 0.14379 58.773 55.075 55.075 58.773
26.4 0.14438 0.17253 0.17253 0.14438 58.562 54.876 54.876 58.562
26.5 0.14489 0.17295 0.17295 0.14489 58.352 54.678 54.678 58.352
26.6 0.14531 0.17327 0.17327 0.14531 58.144 54.481 54.481 58.144
26.7 0.14564 0.17351 0.17351 0.14564 57.936 54.285 54.285 57.936
26.8 0.14589 0.17366 0.17366 0.14589 57.728 54.09 54.09 57.728
26.9 0.14604 0.17372 0.17372 0.14604 57.522 53.895 53.895 57.522
27 0.1461 0.1737 0.1737 0.1461 57.317 53.702 53.702 57.317
27.1 0.14608 0.17359 0.17359 0.14608 57.112 53.509 53.509 57.112
27.2 0.14597 0.17339 0.17339 0.14597 56.909 53.317 53.317 56.909
27.3 0.14578 0.17311 0.17311 0.14578 56.706 53.125 53.125 56.706
27.4 0.14549 0.17274 0.17274 0.14549 56.504 52.935 52.935 56.504
27.5 0.14512 0.17228 0.17228 0.14512 56.302 52.745 52.745 56.302
27.6 0.14467 0.17174 0.17174 0.14467 56.102 52.556 52.556 56.102
27.7 0.14422 0.17121 0.17121 0.14422 55.902 52.367 52.367 55.902
27.8 0.14377 0.17067 0.17067 0.14377 55.703 52.18 52.18 55.703
27.9 0.14332 0.17014 0.17014 0.14332 55.505 51.993 51.993 55.505
28 0.14287 0.16961 0.16961 0.14287 55.307 51.807 51.807 55.307
28.1 0.14243 0.16908 0.16908 0.14243 55.111 51.621 51.621 55.111
28.2 0.14198 0.16856 0.16856 0.14198 54.915 51.436 51.436 54.915
28.3 0.14154 0.16803 0.16803 0.14154 54.719 51.252 51.252 54.719
28.4 0.1411 0.16751 0.16751 0.1411 54.524 51.068 51.068 54.524
28.5 0.14067 0.16699 0.16699 0.14067 54.33 50.885 50.885 54.33
28.6 0.14023 0.16648 0.16648 0.14023 54.137 50.703 50.703 54.137
28.7 0.1398 0.16596 0.16596 0.1398 53.945 50.521 50.521 53.945
28.8 0.13937 0.16545 0.16545 0.13937 53.753 50.34 50.34 53.753
28.9 0.13894 0.16494 0.16494 0.13894 53.561 50.16 50.16 53.561
29 0.13851 0.16444 0.16444 0.13851 53.371 49.98 49.98 53.371
29.1 0.13809 0.16393 0.16393 0.13809 53.181 49.801 49.801 53.181
29.2 0.13766 0.16343 0.16343 0.13766 52.992 49.623 49.623 52.992
29.3 0.13724 0.16293 0.16293 0.13724 52.803 49.445 49.445 52.803
29.4 0.13682 0.16243 0.16243 0.13682 52.615 49.268 49.268 52.615
29.5 0.13641 0.16193 0.16193 0.13641 52.428 49.091 49.091 52.428
29.6 0.13599 0.16144 0.16144 0.13599 52.241 48.915 48.915 52.241
29.7 0.13558 0.16095 0.16095 0.13558 52.055 48.74 48.74 52.055
29.8 0.13516 0.16046 0.16046 0.13516 51.87 48.565 48.565 51.87
29.9 0.13475 0.15997 0.15997 0.13475 51.685 48.391 48.391 51.685
30 0.13434 0.15949 0.15949 0.13434 51.501 48.217 48.217 51.501
30.1 0.13394 0.159 0.159 0.13394 51.318 48.044 48.044 51.318
30.2 0.13353 0.15852 0.15852 0.13353 51.135 47.872 47.872 51.135
30.3 0.13313 0.15804 0.15804 0.13313 50.952 47.7 47.7 50.952
30.4 0.13273 0.15757 0.15757 0.13273 50.771 47.529 47.529 50.771
30.5 0.13233 0.15709 0.15709 0.13233 50.59 47.358 47.358 50.59
30.6 0.13193 0.15662 0.15662 0.13193 50.409 47.188 47.188 50.409
30.7 0.13153 0.15615 0.15615 0.13153 50.23 47.018 47.018 50.23
30.8 0.13114 0.15568 0.15568 0.13114 50.05 46.849 46.849 50.05
30.9 0.13074 0.15521 0.15521 0.13074 49.872 46.681 46.681 49.872
31 0.13035 0.15475 0.15475 0.13035 49.694 46.513 46.513 49.694
31.1 0.12996 0.15429 0.15429 0.12996 49.516 46.346 46.346 49.516
31.2 0.12957 0.15382 0.15382 0.12957 49.339 46.179 46.179 49.339
31.3 0.12919 0.15337 0.15337 0.12919 49.163 46.013 46.013 49.163
31.4 0.1288 0.15291 0.15291 0.1288 48.987 45.847 45.847 48.987
31.5 0.12842 0.15245 0.15245 0.12842 48.812 45.682 45.682 48.812
31.6 0.12804 0.152 0.152 0.12804 48.638 45.517 45.517 48.638
31.7 0.12766 0.15155 0.15155 0.12766 48.464 45.353 45.353 48.464
31.8 0.12728 0.1511 0.1511 0.12728 48.29 45.189 45.189 48.29
31.9 0.1269 0.15065 0.15065 0.1269 48.117 45.026 45.026 48.117
32 0.12653 0.15021 0.15021 0.12653 47.945 44.864 44.864 47.945
32.1 0.12615 0.14976 0.14976 0.12615 47.773 44.702 44.702 47.773
32.2 0.12578 0.14932 0.14932 0.12578 47.602 44.54 44.54 47.602
32.3 0.12541 0.14888 0.14888 0.12541 47.431 44.38 44.38 47.431
32.4 0.12504 0.14844 0.14844 0.12504 47.261 44.219 44.219 47.261
32.5 0.12467 0.148 0.148 0.12467 47.092 44.059 44.059 47.092
32.6 0.12431 0.14757 0.14757 0.12431 46.922 43.9 43.9 46.922
32.7 0.12394 0.14714 0.14714 0.12394 46.754 43.741 43.741 46.754
32.8 0.12358 0.14671 0.14671 0.12358 46.586 43.582 43.582 46.586
32.9 0.12322 0.14628 0.14628 0.12322 46.418 43.424 43.424 46.418
33 0.12285 0.14585 0.14585 0.12285 46.251 43.267 43.267 46.251
33.1 0.1225 0.14542 0.14542 0.1225 46.085 43.11 43.11 46.085
33.2 0.12214 0.145 0.145 0.12214 45.919 42.954 42.954 45.919
33.3 0.12178 0.14458 0.14458 0.12178 45.753 42.798 42.798 45.753
33.4 0.12143 0.14415 0.14415 0.12143 45.589 42.642 42.642 45.589
33.5 0.12107 0.14374 0.14374 0.12107 45.424 42.487 42.487 45.424
33.6 0.12072 0.14332 0.14332 0.12072 45.26 42.332 42.332 45.26
33.7 0.12037 0.1429 0.1429 0.12037 45.097 42.178 42.178 45.097
33.8 0.12002 0.14249 0.14249 0.12002 44.934 42.025 42.025 44.934
33.9 0.11968 0.14208 0.14208 0.11968 44.771 41.872 41.872 44.771
34 0.11933 0.14166 0.14166 0.11933 44.609 41.719 41.719 44.609
34.1 0.11899 0.14126 0.14126 0.11899 44.448 41.567 41.567 44.448
34.2 0.11864 0.14085 0.14085 0.11864 44.287 41.415 41.415 44.287
34.3 0.1183 0.14044 0.14044 0.1183 44.127 41.263 41.263 44.127
34.4 0.11796 0.14004 0.14004 0.11796 43.967 41.113 41.113 43.967
34.5 0.11762 0.13963 0.13963 0.11762 43.807 40.962 40.962 43.807
34.6 0.11728 0.13923 0.13923 0.11728 43.648 40.812 40.812 43.648
34.7 0.11695 0.13883 0.13883 0.11695 43.489 40.663 40.663 43.489
34.8 0.11661 0.13844 0.13844 0.11661 43.331 40.514 40.514 43.331
34.9 0.11628 0.13804 0.13804 0.11628 43.174 40.365 40.365 43.174
35 0.11594 0.13764 0.13764 0.11594 43.016 40.217 40.217 43.016
35.1 0.11561 0.13725 0.13725 0.11561 42.86 40.069 40.069 42.86
35.2 0.11528 0.13686 0.13686 0.11528 42.703 39.922 39.922 42.703
35.3 0.11495 0.13647 0.13647 0.11495 42.548 39.775 39.775 42.548
35.4 0.11463 0.13608 0.13608 0.11463 42.392 39.628 39.628 42.392
35.5 0.1143 0.13569 0.13569 0.1143 42.237 39.482 39.482 42.237
35.6 0.11397 0.13531 0.13531 0.11397 42.083 39.337 39.337 42.083
35.7 0.11365 0.13492 0.13492 0.11365 41.929 39.191 39.191 41.929
35.8 0.11333 0.13454 0.13454 0.11333 41.775 39.047 39.047 41.775
35.9 0.11301 0.13416 0.13416 0.11301 41.622 38.902 38.902 41.622
36 0.11269 0.13378 0.13378 0.11269 41.469 38.758 38.758 41.469
36.1 0.11237 0.1334 0.1334 0.11237 41.317 38.615 38.615 41.317
36.2 0.11205 0.13302 0.13302 0.11205 41.165 38.471 38.471 41.165
36.3 0.11173 0.13265 0.13265 0.11173 41.014 38.329 38.329 41.014
36.4 0.11142 0.13227 0.13227 0.11142 40.863 38.186 38.186 40.863
36.5 0.11111 0.1319 0.1319 0.11111 40.712 38.044 38.044 40.712
36.6 0.11079 0.13153 0.13153 0.11079 40.562 37.903 37.903 40.562
36.7 0.11048 0.13116 0.13116 0.11048 40.413 37.762 37.762 40.413
36.8 0.11017 0.13079 0.13079 0.11017 40.263 37.621 37.621 40.263
36.9 0.10986 0.13042 0.13042 0.10986 40.114 37.481 37.481 40.114
37 0.10955 0.13006 0.13006 0.10955 39.966 37.341 37.341 39.966
37.1 0.10925 0.12969 0.12969 0.10925 39.818 37.201 37.201 39.818
37.2 0.10894 0.12933 0.12933 0.10894 39.67 37.062 37.062 39.67
37.3 0.10864 0.12897 0.12897 0.10864 39.523 36.923 36.923 39.523
37.4 0.10833 0.12861 0.12861 0.10833 39.376 36.785 36.785 39.376
37.5 0.10803 0.12825 0.12825 0.10803 39.23 36.647 36.647 39.23
37.6 0.10773 0.12789 0.12789 0.10773 39.084 36.509 36.509 39.084
37.7 0.10743 0.12754 0.12754 0.10743 38.938 36.372 36.372 38.938
37.8 0.10713 0.12718 0.12718 0.10713 38.793 36.235 36.235 38.793
37.9 0.10683 0.12683 0.12683 0.10683 38.649 36.099 36.099 38.649
38 0.10654 0.12648 0.12648 0.10654 38.505 35.963 35.963 38.505
38.1 0.10624 0.12613 0.12613 0.10624 38.361 35.828 35.828 38.361
38.2 0.10595 0.12578 0.12578 0.10595 38.219 35.693 35.693 38.219
38.3 0.10565 0.12543 0.12543 0.10565 38.076 35.559 35.559 38.076
38.4 0.10536 0.12508 0.12508 0.10536 37.934 35.425 35.425 37.934
38.5 0.10507 0.12473 0.12473 0.10507 37.793 35.292 35.292 37.793
38.6 0.10478 0.12439 0.12439 0.10478 37.652 35.159 35.159 37.652
38.7 0.10449 0.12405 0.12405 0.10449 37.511 35.026 35.026 37.511
38.8 0.1042 0.12371 0.12371 0.1042 37.371 34.894 34.894 37.371
38.9 0.10391 0.12336 0.12336 0.10391 37.231 34.763 34.763 37.231
39 0.10363 0.12303 0.12303 0.10363 37.092 34.632 34.632 37.092
39.1 0.10334 0.12269 0.12269 0.10334 36.954 34.501 34.501 36.954
39.2 0.10306 0.12235 0.12235 0.10306 36.816 34.371 34.371 36.816
39.3 0.10278 0.12201 0.12201 0.10278 36.678 34.241 34.241 36.678
39.4 0.1025 0.12168 0.12168 0.1025 36.541 34.112 34.112 36.541
39.5 0.10221 0.12135 0.12135 0.10221 36.404 33.983 33.983 36.404
39.6 0.10193 0.12101 0.12101 0.10193 36.268 33.855 33.855 36.268
39.7 0.10166 0.12068 0.12068 0.10166 36.132 33.727 33.727 36.132
39.8 0.10138 0.12035 0.12035 0.10138 35.997 33.599 33.599 35.997
39.9 0.1011 0.12003 0.12003 0.1011 35.862 33.472 33.472 35.862
40 0.10083 0.1197 0.1197 0.10083 35.727 33.346 33.346 35.727
40.1 0.10055 0.11937 0.11937 0.10055 35.593 33.22 33.22 35.593
40.2 0.10028 0.11905 0.11905 0.10028 35.46 33.094 33.094 35.46
40.3 0.1 0.11872 0.11872 0.1 35.327 32.969 32.969 35.327
40.4 0.099733 0.1184 0.1184 0.099733 35.194 32.844 32.844 35.194
40.5 0.099462 0.11808 0.11808 0.099462 35.062 32.719 32.719 35.062
40.6 0.099193 0.11776 0.11776 0.099193 34.931 32.595 32.595 34.931
40.7 0.098924 0.11744 0.11744 0.098924 34.799 32.471 32.471 34.799
40.8 0.098656 0.11712 0.11712 0.098656 34.669 32.348 32.348 34.669
40.9 0.098389 0.11681 0.11681 0.098389 34.538 32.226 32.226 34.538
41 0.098123 0.11649 0.11649 0.098123 34.408 32.103 32.103 34.408
41.1 0.097858 0.11618 0.11618 0.097858 34.279 31.981 31.981 34.279
41.2 0.097594 0.11586 0.11586 0.097594 34.15 31.86 31.86 34.15
41.3 0.097331 0.11555 0.11555 0.097331 34.021 31.739 31.739 34.021
41.4 0.097069 0.11524 0.11524 0.097069 33.893 31.618 31.618 33.893
41.5 0.096807 0.11493 0.11493 0.096807 33.765 31.498 31.498 33.765
41.6 0.096547 0.11462 0.11462 0.096547 33.638 31.378 31.378 33.638
41.7 0.096287 0.11431 0.11431 0.096287 33.511 31.258 31.258 33.511
41.8 0.096029 0.114 0.114 0.096029 33.384 31.139 31.139 33.384
41.9 0.095771 0.1137 0.1137 0.095771 33.258 31.02 31.02 33.258
42 0.095514 0.11339 0.11339 0.095514 33.133 30.902 30.902 33.133
42.1 0.095259 0.11309 0.11309 0.095259 33.008 30.784 30.784 33.008
42.2 0.095004 0.11279 0.11279 0.095004 32.883 30.667 30.667 32.883
42.3 0.09475 0.11249 0.11249 0.09475 32.758 30.55 30.55 32.758
42.4 0.094497 0.11219 0.11219 0.094497 32.634 30.433 30.433 32.634
42.5 0.094244 0.11189 0.11189 0.094244 32.511 30.317 30.317 32.511
42.6 0.093993 0.11159 0.11159 0.093993 32.388 30.201 30.201 32.388
42.7 0.093742 0.11129 0.11129 0.093742 32.265 30.085 30.085 32.265
42.8 0.093493 0.11099 0.11099 0.093493 32.143 29.97 29.97 32.143
42.9 0.093244 0.1107 0.1107 0.093244 32.021 29.855 29.855 32.021
43 0.092996 0.1104 0.1104 0.092996 31.899 29.741 29.741 31.899
43.1 0.092749 0.11011 0.11011 0.092749 31.778 29.627 29.627 31.778
43.2 0.092503 0.10982 0.10982 0.092503 31.657 29.513 29.513 31.657
43.3 0.092257 0.10953 0.10953 0.092257 31.537 29.4 29.4 31.537
43.4 0.092013 0.10924 0.10924 0.092013 31.417 29.287 29.287 31.417
43.5 0.091769 0.10895 0.10895 0.091769 31.298 29.175 29.175 31.298
43.6 0.091526 0.10866 0.10866 0.091526 31.179 29.063 29.063 31.179
43.7 0.091284 0.10837 0.10837 0.091284 31.06 28.951 28.951 31.06
43.8 0.091043 0.10809 0.10809 0.091043 30.942 28.84 28.84 30.942
43.9 0.090803 0.1078 0.1078 0.090803 30.824 28.729 28.729 30.824
44 0.090563 0.10752 0.10752 0.090563 30.706 28.618 28.618 30.706
44.1 0.090324 0.10723 0.10723 0.090324 30.589 28.508 28.508 30.589
44.2 0.090087 0.10695 0.10695 0.090087 30.472 28.398 28.398 30.472
44.3 0.08985 0.10667 0.10667 0.08985 30.356 28.288 28.288 30.356
44.4 0.089613 0.10639 0.10639 0.089613 30.24 28.179 28.179 30.24
44.5 0.089378 0.10611 0.10611 0.089378 30.124 28.07 28.07 30.124
44.6 0.089143 0.10583 0.10583 0.089143 30.009 27.962 27.962 30.009
44.7 0.088909 0.10555 0.10555 0.088909 29.894 27.854 27.854 29.894
44.8 0.088676 0.10528 0.10528 0.088676 29.779 27.746 27.746 29.779
44.9 0.088444 0.105 0.105 0.088444 29.665 27.639 27.639 29.665
45 0.088212 0.10473 0.10473 0.088212 29.552 27.532 27.532 29.552
45.1 0.087982 0.10445 0.10445 0.087982 29.438 27.425 27.425 29.438
45.2 0.087752 0.10418 0.10418 0.087752 29.325 27.319 27.319 29.325
45.3 0.087522 0.10391 0.10391 0.087522 29.213 27.213 27.213 29.213
45.4 0.087294 0.10364 0.10364 0.087294 29.1 27.108 27.108 29.1
45.5 0.087066 0.10337 0.10337 0.087066 28.988 27.002 27.002 28.988
45.6 0.086839 0.1031 0.1031 0.086839 28.877 26.897 26.897 28.877
45.7 0.086613 0.10283 0.10283 0.086613 28.766 26.793 26.793 28.766
45.8 0.086388 0.10256 0.10256 0.086388 28.655 26.689 26.689 28.655
45.9 0.086163 0.10229 0.10229 0.086163 28.544 26.585 26.585 28.544
46 0.08594 0.10203 0.10203 0.08594 28.434 26.481 26.481 28.434
46.1 0.085716 0.10176 0.10176 0.085716 28.325 26.378 26.378 28.325
46.2 0.085494 0.1015 0.1015 0.085494 28.215 26.275 26.275 28.215
46.3 0.085272 0.10124 0.10124 0.085272 28.106 26.173 26.173 28.106
46.4 0.085052 0.10097 0.10097 0.085052 27.998 26.071 26.071 27.998
46.5 0.084831 0.10071 0.10071 0.084831 27.889 25.969 25.969 27.889
46.6 0.084612 0.10045 0.10045 0.084612 27.781 25.867 25.867 27.781
46.7 0.084393 0.10019 0.10019 0.084393 27.674 25.766 25.766 27.674
46.8 0.084175 0.099933 0.099933 0.084175 27.566 25.665 25.665 27.566
46.9 0.083958 0.099675 0.099675 0.083958 27.46 25.565 25.565 27.46
47 0.083741 0.099418 0.099418 0.083741 27.353 25.465 25.465 27.353
47.1 0.083526 0.099162 0.099162 0.083526 27.247 25.365 25.365 27.247
47.2 0.08331 0.098907 0.098907 0.08331 27.141 25.265 25.265 27.141
47.3 0.083096 0.098652 0.098652 0.083096 27.035 25.166 25.166 27.035
47.4 0.082882 0.098399 0.098399 0.082882 26.93 25.067 25.067 26.93
47.5 0.082669 0.098146 0.098146 0.082669 26.825 24.969 24.969 26.825
47.6 0.082457 0.097894 0.097894 0.082457 26.721 24.871 24.871 26.721
47.7 0.082245 0.097642 0.097642 0.082245 26.617 24.773 24.773 26.617
47.8 0.082035 0.097392 0.097392 0.082035 26.513 24.675 24.675 26.513
47.9 0.081824 0.097143 0.097143 0.081824 26.409 24.578 24.578 26.409
48 0.081615 0.096894 0.096894 0.081615 26.306 24.481 24.481 26.306
48.1 0.081406 0.096646 0.096646 0.081406 26.203 24.384 24.384 26.203
48.2 0.081198 0.096399 0.096399 0.081198 26.101 24.288 24.288 26.101
48.3 0.08099 0.096152 0.096152 0.08099 25.999 24.192 24.192 25.999
48.4 0.080783 0.095907 0.095907 0.080783 25.897 24.097 24.097 25.897
48.5 0.080577 0.095662 0.095662 0.080577 25.795 24.001 24.001 25.795
48.6 0.080372 0.095418 0.095418 0.080372 25.694 23.906 23.906 25.694
48.7 0.080167 0.095175 0.095175 0.080167 25.593 23.811 23.811 25.593
48.8 0.079963 0.094933 0.094933 0.079963 25.493 23.717 23.717 25.493
48.9 0.079759 0.094691 0.094691 0.079759 25.393 23.623 23.623 25.393
49 0.079556 0.09445 0.09445 0.079556 25.293 23.529 23.529 25.293
49.1 0.079354 0.09421 0.09421 0.079354 25.193 23.436 23.436 25.193
49.2 0.079153 0.093971 0.093971 0.079153 25.094 23.342 23.342 25.094
49.3 0.078952 0.093733 0.093733 0.078952 24.995 23.25 23.25 24.995
49.4 0.078752 0.093495 0.093495 0.078752 24.896 23.157 23.157 24.896
49.5 0.078552 0.093258 0.093258 0.078552 24.798 23.065 23.065 24.798
49.6 0.078353 0.093022 0.093022 0.078353 24.7 22.973 22.973 24.7
49.7 0.078155 0.092787 0.092787 0.078155 24.603 22.881 22.881 24.603
49.8 0.077957 0.092552 0.092552 0.077957 24.505 22.79 22.79 24.505
49.9 0.07776 0.092318 0.092318 0.07776 24.408 22.699 22.699 24.408
50 0.077564 0.092085 0.092085 0.077564 24.312 22.608 22.608 24.312
50.1 0.077368 0.091852 0.091852 0.077368 24.215 22.517 22.517 24.215
50.2 0.077173 0.091621 0.091621 0.077173 24.119 22.427 22.427 24.119
50.3 0.076978 0.09139 0.09139 0.076978 24.023 22.337 22.337 24.023
50.4 0.076784 0.09116 0.09116 0.076784 23.928 22.248 22.248 23.928
50.5 0.076591 0.09093 0.09093 0.076591 23.833 22.158 22.158 23.833
50.6 0.076398 0.090701 0.090701 0.076398 23.738 22.069 22.069 23.738
50.7 0.076206 0.090473 0.090473 0.076206 23.643 21.981 21.981 23.643
50.8 0.076015 0.090246 0.090246 0.076015 23.549 21.892 21.892 23.549
50.9 0.075824 0.09002 0.09002 0.075824 23.455 21.804 21.804 23.455
51 0.075633 0.089794 0.089794 0.075633 23.362 21.716 21.716 23.362
51.1 0.075444 0.089569 0.089569 0.075444 23.268 21.629 21.629 23.268
51.2 0.075255 0.089344 0.089344 0.075255 23.175 21.541 21.541 23.175
51.3 0.075066 0.089121 0.089121 0.075066 23.083 21.454 21.454 23.083
51.4 0.074878 0.088898 0.088898 0.074878 22.99 21.368 21.368 22.99
51.5 0.074691 0.088675 0.088675 0.074691 22.898 21.281 21.281 22.898
51.6 0.074504 0.088454 0.088454 0.074504 22.806 21.195 21.195 22.806
51.7 0.074318 0.088233 0.088233 0.074318 22.715 21.109 21.109 22.715
51.8 0.074133 0.088013 0.088013 0.074133 22.623 21.024 21.024 22.623
51.9 0.073948 0.087793 0.087793 0.073948 22.532 20.938 20.938 22.532
52 0.073764 0.087574 0.087574 0.073764 22.442 20.853 20.853 22.442
52.1 0.07358 0.087356 0.087356 0.07358 22.351 20.768 20.768 22.351
52.2 0.073397 0.087139 0.087139 0.073397 22.261 20.684 20.684 22.261
52.3 0.073214 0.086922 0.086922 0.073214 22.172 20.6 20.6 22.172
52.4 0.073032 0.086706 0.086706 0.073032 22.082 20.516 20.516 22.082
52.5 0.07285 0.08649 0.08649 0.07285 21.993 20.432 20.432 21.993
52.6 0.07267 0.086275 0.086275 0.07267 21.904 20.349 20.349 21.904
52.7 0.072489 0.086061 0.086061 0.072489 21.815 20.266 20.266 21.815
52.8 0.072309 0.085848 0.085848 0.072309 21.727 20.183 20.183 21.727
52.9 0.07213 0.085635 0.085635 0.07213 21.639 20.1 20.1 21.639
53 0.071952 0.085423 0.085423 0.071952 21.551 20.018 20.018 21.551
53.1 0.071773 0.085212 0.085212 0.071773 21.464 19.936 19.936 21.464
53.2 0.071596 0.085001 0.085001 0.071596 21.376 19.854 19.854 21.376
53.3 0.071419 0.084791 0.084791 0.071419 21.289 19.773 19.773 21.289
53.4 0.071242 0.084581 0.084581 0.071242 21.203 19.691 19.691 21.203
53.5 0.071066 0.084373 0.084373 0.071066 21.116 19.61 19.61 21.116
53.6 0.070891 0.084164 0.084164 0.070891 21.03 19.53 19.53 21.03
53.7 0.070716 0.083957 0.083957 0.070716 20.944 19.449 19.449 20.944
53.8 0.070542 0.08375 0.08375 0.070542 20.859 19.369 19.369 20.859
53.9 0.070368 0.083544 0.083544 0.070368 20.774 19.289 19.289 20.774
54 0.070195 0.083338 0.083338 0.070195 20.689 19.21 19.21 20.689
54.1 0.070022 0.083133 0.083133 0.070022 20.604 19.13 19.13 20.604
54.2 0.06985 0.082929 0.082929 0.06985 20.52 19.051 19.051 20.52
54.3 0.069678 0.082725 0.082725 0.069678 20.435 18.972 18.972 20.435
54.4 0.069507 0.082522 0.082522 0.069507 20.351 18.894 18.894 20.351
54.5 0.069337 0.082319 0.082319 0.069337 20.268 18.815 18.815 20.268
54.6 0.069167 0.082117 0.082117 0.069167 20.184 18.737 18.737 20.184
54.7 0.068997 0.081916 0.081916 0.068997 20.101 18.659 18.659 20.101
54.8 0.068828 0.081716 0.081716 0.068828 20.019 18.582 18.582 20.019
54.9 0.06866 0.081516 0.081516 0.06866 19.936 18.504 18.504 19.936
55 0.068492 0.081316 0.081316 0.068492 19.854 18.427 18.427 19.854
55.1 0.068324 0.081117 0.081117 0.068324 19.772 18.35 18.35 19.772
55.2 0.068157 0.080919 0.080919 0.068157 19.69 18.274 18.274 19.69
55.3 0.067991 0.080722 0.080722 0.067991 19.608 18.198 18.198 19.608
55.4 0.067825 0.080525 0.080525 0.067825 19.527 18.121 18.121 19.527
55.5 0.067659 0.080328 0.080328 0.067659 19.446 18.046 18.046 19.446
55.6 0.067495 0.080132 0.080132 0.067495 19.366 17.97 17.97 19.366
55.7 0.06733 0.079937 0.079937 0.06733 19.285 17.895 17.895 19.285
55.8 0.067166 0.079743 0.079743 0.067166 19.205 17.82 17.82 19.205
55.9 0.067003 0.079549 0.079549 0.067003 19.125 17.745 17.745 19.125
56 0.06684 0.079355 0.079355 0.06684 19.045 17.67 17.67 19.045
56.1 0.066677 0.079162 0.079162 0.066677 18.966 17.596 17.596 18.966
56.2 0.066515 0.07897 0.07897 0.066515 18.887 17.522 17.522 18.887
56.3 0.066354 0.078779 0.078779 0.066354 18.808 17.448 17.448 18.808
56.4 0.066193 0.078587 0.078587 0.066193 18.729 17.374 17.374 18.729
56.5 0.066032 0.078397 0.078397 0.066032 18.651 17.301 17.301 18.651
56.6 0.065872 0.078207 0.078207 0.065872 18.573 17.228 17.228 18.573
56.7 0.065713 0.078018 0.078018 0.065713 18.495 17.155 17.155 18.495
56.8 0.065554 0.077829 0.077829 0.065554 18.417 17.082 17.082 18.417
56.9 0.065395 0.077641 0.077641 0.065395 18.34 17.01 17.01 18.34
57 0.065237 0.077453 0.077453 0.065237 18.263 16.938 16.938 18.263
57.1 0.06508 0.077266 0.077266 0.06508 18.186 16.866 16.866 18.186
57.2 0.064922 0.077079 0.077079 0.064922 18.109 16.794 16.794 18.109
57.3 0.064766 0.076893 0.076893 0.064766 18.033 16.723 16.723 18.033
57.4 0.06461 0.076708 0.076708 0.06461 17.957 16.651 16.651 17.957
57.5 0.064454 0.076523 0.076523 0.064454 17.881 16.58 16.58 17.881
57.6 0.064299 0.076339 0.076339 0.064299 17.805 16.51 16.51 17.805
57.7 0.064144 0.076155 0.076155 0.064144 17.73 16.439 16.439 17.73
57.8 0.063989 0.075972 0.075972 0.063989 17.655 16.369 16.369 17.655
57.9 0.063835 0.075789 0.075789 0.063835 17.58 16.299 16.299 17.58
58 0.063682 0.075607 0.075607 0.063682 17.505 16.229 16.229 17.505
58.1 0.063529 0.075425 0.075425 0.063529 17.431 16.159 16.159 17.431
58.2 0.063377 0.075244 0.075244 0.063377 17.357 16.09 16.09 17.357
58.3 0.063225 0.075064 0.075064 0.063225 17.283 16.021 16.021 17.283
58.4 0.063073 0.074884 0.074884 0.063073 17.209 15.952 15.952 17.209
58.5 0.062922 0.074704 0.074704 0.062922 17.136 15.883 15.883 17.136
58.6 0.062771 0.074526 0.074526 0.062771 17.063 15.815 15.815 17.063
58.7 0.062621 0.074347 0.074347 0.062621 16.99 15.747 15.747 16.99
58.8 0.062471 0.074169 0.074169 0.062471 16.917 15.679 15.679 16.917
58.9 0.062322 0.073992 0.073992 0.062322 16.844 15.611 15.611 16.844
59 0.062173 0.073815 0.073815 0.062173 16.772 15.544 15.544 16.772
59.1 0.062024 0.073639 0.073639 0.062024 16.7 15.476 15.476 16.7
59.2 0.061876 0.073463 0.073463 0.061876 16.628 15.409 15.409 16.628
59.3 0.061729 0.073288 0.073288 0.061729 16.557 15.342 15.342 16.557
59.4 0.061581 0.073113 0.073113 0.061581 16.486 15.276 15.276 16.486
59.5 0.061435 0.072939 0.072939 0.061435 16.415 15.209 15.209 16.415
59.6 0.061288 0.072766 0.072766 0.061288 16.344 15.143 15.143 16.344
59.7 0.061142 0.072592 0.072592 0.061142 16.273 15.077 15.077 16.273
59.8 0.060997 0.07242 0.07242 0.060997 16.203 15.011 15.011 16.203
59.9 0.060852 0.072248 0.072248 0.060852 16.133 14.946 14.946 16.133
60 0.060707 0.072076 0.072076 0.060707 16.063 14.88 14.88 16.063
60.1 0.060563 0.071905 0.071905 0.060563 15.993 14.815 14.815 15.993
60.2 0.06042 0.071734 0.071734 0.06042 15.924 14.751 14.751 15.924
60.3 0.060276 0.071564 0.071564 0.060276 15.855 14.686 14.686 15.855
60.4 0.060133 0.071394 0.071394 0.060133 15.786 14.621 14.621 15.786
60.5 0.059991 0.071225 0.071225 0.059991 15.717 14.557 14.557 15.717
60.6 0.059849 0.071057 0.071057 0.059849 15.648 14.493 14.493 15.648
60.7 0.059707 0.070889 0.070889 0.059707 15.58 14.429 14.429 15.58
60.8 0.059566 0.070721 0.070721 0.059566 15.512 14.366 14.366 15.512
60.9 0.059425 0.070554 0.070554 0.059425 15.444 14.303 14.303 15.444
61 0.059285 0.070387 0.070387 0.059285 15.377 14.239 14.239 15.377
61.1 0.059145 0.070221 0.070221 0.059145 15.309 14.176 14.176 15.309
61.2 0.059005 0.070055 0.070055 0.059005 15.242 14.114 14.114 15.242
61.3 0.058866 0.06989 0.06989 0.058866 15.175 14.051 14.051 15.175
61.4 0.058727 0.069725 0.069725 0.058727 15.108 13.989 13.989 15.108
61.5 0.058589 0.069561 0.069561 0.058589 15.042 13.927 13.927 15.042
61.6 0.058451 0.069397 0.069397 0.058451 14.976 13.865 13.865 14.976
61.7 0.058313 0.069234 0.069234 0.058313 14.909 13.803 13.803 14.909
61.8 0.058176 0.069071 0.069071 0.058176 14.844 13.742 13.742 14.844
61.9 0.058039 0.068909 0.068909 0.058039 14.778 13.681 13.681 14.778
62 0.057903 0.068747 0.068747 0.057903 14.713 13.62 13.62 14.713
62.1 0.057767 0.068585 0.068585 0.057767 14.647 13.559 13.559 14.647
62.2 0.057631 0.068425 0.068425 0.057631 14.583 13.498 13.498 14.583
62.3 0.057496 0.068264 0.068264 0.057496 14.518 13.438 13.438 14.518
62.4 0.057361 0.068104 0.068104 0.057361 14.453 13.377 13.377 14.453
62.5 0.057227 0.067944 0.067944 0.057227 14.389 13.317 13.317 14.389
62.6 0.057093 0.067785 0.067785 0.057093 14.325 13.258 13.258 14.325
62.7 0.056959 0.067627 0.067627 0.056959 14.261 13.198 13.198 14.261
62.8 0.056826 0.067469 0.067469 0.056826 14.197 13.139 13.139 14.197
62.9 0.056693 0.067311 0.067311 0.056693 14.134 13.079 13.079 14.134
63 0.056561 0.067154 0.067154 0.056561 14.071 13.02 13.02 14.071
63.1 0.056429 0.066997 0.066997 0.056429 14.008 12.962 12.962 14.008
63.2 0.056297 0.06684 0.06684 0.056297 13.945 12.903 12.903 13.945
63.3 0.056165 0.066685 0.066685 0.056165 13.882 12.845 12.845 13.882
63.4 0.056035 0.066529 0.066529 0.056035 13.82 12.786 12.786 13.82
63.5 0.055904 0.066374 0.066374 0.055904 13.758 12.728 12.728 13.758
63.6 0.055774 0.066219 0.066219 0.055774 13.696 12.671 12.671 13.696
63.7 0.055644 0.066065 0.066065 0.055644 13.634 12.613 12.613 13.634
63.8 0.055514 0.065912 0.065912 0.055514 13.572 12.556 12.556 13.572
63.9 0.055385 0.065758 0.065758 0.055385 13.511 12.499 12.499 13.511
64 0.055257 0.065606 0.065606 0.055257 13.45 12.442 12.442 13.45
64.1 0.055128 0.065453 0.065453 0.055128 13.389 12.385 12.385 13.389
64.2 0.055 0.065301 0.065301 0.055 13.328 12.328 12.328 13.328
64.3 0.054873 0.06515 0.06515 0.054873 13.268 12.272 12.272 13.268
64.4 0.054745 0.064999 0.064999 0.054745 13.207 12.215 12.215 13.207
64.5 0.054618 0.064848 0.064848 0.054618 13.147 12.159 12.159 13.147
64.6 0.054492 0.064698 0.064698 0.054492 13.087 12.104 12.104 13.087
64.7 0.054366 0.064548 0.064548 0.054366 13.028 12.048 12.048 13.028
64.8 0.05424 0.064399 0.064399 0.05424 12.968 11.993 11.993 12.968
64.9 0.054114 0.06425 0.06425 0.054114 12.909 11.937 11.937 12.909
65 0.053989 0.064101 0.064101 0.053989 12.85 11.882 11.882 12.85
65.1 0.053865 0.063953 0.063953 0.053865 12.791 11.827 11.827 12.791
65.2 0.05374 0.063806 0.063806 0.05374 12.732 11.773 11.773 12.732
65.3 0.053616 0.063659 0.063659 0.053616 12.674 11.718 11.718 12.674
65.4 0.053493 0.063512 0.063512 0.053493 12.616 11.664 11.664 12.616
65.5 0.053369 0.063365 0.063365 0.053369 12.557 11.61 11.61 12.557
65.6 0.053246 0.063219 0.063219 0.053246 12.5 11.556 11.556 12.5
65.7 0.053124 0.063074 0.063074 0.053124 12.442 11.502 11.502 12.442
65.8 0.053001 0.062929 0.062929 0.053001 12.384 11.449 11.449 12.384
65.9 0.052879 0.062784 0.062784 0.052879 12.327 11.395 11.395 12.327
66 0.052758 0.06264 0.06264 0.052758 12.27 11.342 11.342 12.27
66.1 0.052637 0.062496 0.062496 0.052637 12.213 11.289 11.289 12.213
66.2 0.052516 0.062352 0.062352 0.052516 12.156 11.236 11.236 12.156
66.3 0.052395 0.062209 0.062209 0.052395 12.1 11.184 11.184 12.1
66.4 0.052275 0.062066 0.062066 0.052275 12.044 11.131 11.131 12.044
66.5 0.052155 0.061924 0.061924 0.052155 11.988 11.079 11.079 11.988
66.6 0.052035 0.061782 0.061782 0.052035 11.932 11.027 11.027 11.932
66.7 0.051916 0.061641 0.061641 0.051916 11.876 10.975 10.975 11.876
66.8 0.051797 0.0615 0.0615 0.051797 11.82 10.924 10.924 11.82
66.9 0.051679 0.061359 0.061359 0.051679 11.765 10.872 10.872 11.765
67 0.051561 0.061219 0.061219 0.051561 11.71 10.821 10.821 11.71
67.1 0.051443 0.061079 0.061079 0.051443 11.655 10.77 10.77 11.655
67.2 0.051325 0.060939 0.060939 0.051325 11.6 10.719 10.719 11.6
67.3 0.051208 0.0608 0.0608 0.051208 11.546 10.668 10.668 11.546
67.4 0.051091 0.060661 0.060661 0.051091 11.491 10.617 10.617 11.491
67.5 0.050975 0.060523 0.060523 0.050975 11.437 10.567 10.567 11.437
67.6 0.050858 0.060385 0.060385 0.050858 11.383 10.517 10.517 11.383
67.7 0.050743 0.060247 0.060247 0.050743 11.329 10.467 10.467 11.329
67.8 0.050627 0.06011 0.06011 0.050627 11.276 10.417 10.417 11.276
67.9 0.050512 0.059973 0.059973 0.050512 11.222 10.367 10.367 11.222
68 0.050397 0.059837 0.059837 0.050397 11.169 10.318 10.318 11.169
68.1 0.050282 0.059701 0.059701 0.050282 11.116 10.268 10.268 11.116
68.2 0.050168 0.059565 0.059565 0.050168 11.063 10.219 10.219 11.063
68.3 0.050054 0.05943 0.05943 0.050054 11.011 10.17 10.17 11.011
68.4 0.04994 0.059295 0.059295 0.04994 10.958 10.121 10.121 10.958
68.5 0.049827 0.059161 0.059161 0.049827 10.906 10.073 10.073 10.906
68.6 0.049714 0.059026 0.059026 0.049714 10.854 10.024 10.024 10.854
68.7 0.049601 0.058893 0.058893 0.049601 10.802 9.9758 9.9758 10.802
68.8 0.049489 0.058759 0.058759 0.049489 10.75 9.9277 9.9277 10.75
68.9 0.049377 0.058626 0.058626 0.049377 10.698 9.8798 9.8798 10.698
69 0.049265 0.058494 0.058494 0.049265 10.647 9.832 9.832 10.647
69.1 0.049154 0.058361 0.058361 0.049154 10.596 9.7844 9.7844 10.596
69.2 0.049043 0.058229 0.058229 0.049043 10.545 9.737 9.737 10.545
69.3 0.048932 0.058098 0.058098 0.048932 10.494 9.6898 9.6898 10.494
69.4 0.048821 0.057967 0.057967 0.048821 10.443 9.6427 9.6427 10.443
69.5 0.048711 0.057836 0.057836 0.048711 10.393 9.5958 9.5958 10.393
69.6 0.048601 0.057705 0.057705 0.048601 10.343 9.5491 9.5491 10.343
69.7 0.048492 0.057575 0.057575 0.048492 10.292 9.5025 9.5025 10.292
69.8 0.048382 0.057446 0.057446 0.048382 10.243 9.4561 9.4561 10.243
69.9 0.048273 0.057316 0.057316 0.048273 10.193 9.4099 9.4099 10.193
70 0.048165 0.057187 0.057187 0.048165 10.143 9.3638 9.3638 10.143
70.1 0.048056 0.057059 0.057059 0.048056 10.094 9.318 9.318 10.094
70.2 0.047948 0.05693 0.05693 0.047948 10.045 9.2722 9.2722 10.045
70.3 0.04784 0.056802 0.056802 0.04784 9.9955 9.2267 9.2267 9.9955
70.4 0.047733 0.056675 0.056675 0.047733 9.9467 9.1813 9.1813 9.9467
70.5 0.047626 0.056548 0.056548 0.047626 9.898 9.1361 9.1361 9.898
70.6 0.047519 0.056421 0.056421 0.047519 9.8495 9.0911 9.0911 9.8495
70.7 0.047412 0.056294 0.056294 0.047412 9.8012 9.0462 9.0462 9.8012
70.8 0.047306 0.056168 0.056168 0.047306 9.753 9.0015 9.0015 9.753
70.9 0.0472 0.056042 0.056042 0.0472 9.705 8.9569 8.9569 9.705
71 0.047094 0.055917 0.055917 0.047094 9.6572 8.9125 8.9125 9.6572
71.1 0.046989 0.055792 0.055792 0.046989 9.6096 8.8683 8.8683 9.6096
71.2 0.046884 0.055667 0.055667 0.046884 9.5621 8.8243 8.8243 9.5621
71.3 0.046779 0.055542 0.055542 0.046779 9.5148 8.7804 8.7804 9.5148
71.4 0.046674 0.055418 0.055418 0.046674 9.4677 8.7366 8.7366 9.4677
71.5 0.04657 0.055294 0.055294 0.04657 9.4208 8.6931 8.6931 9.4208
71.6 0.046466 0.055171 0.055171 0.046466 9.374 8.6497 8.6497 9.374
71.7 0.046362 0.055048 0.055048 0.046362 9.3274 8.6064 8.6064 9.3274
71.8 0.046259 0.054925 0.054925 0.046259 9.281 8.5633 8.5633 9.281
71.9 0.046156 0.054803 0.054803 0.046156 9.2347 8.5204 8.5204 9.2347
72 0.046053 0.054681 0.054681 0.046053 9.1887 8.4777 8.4777 9.1887
72.1 0.04595 0.054559 0.054559 0.04595 9.1427 8.4351 8.4351 9.1427
72.2 0.045848 0.054438 0.054438 0.045848 9.097 8.3926 8.3926 9.097
72.3 0.045746 0.054317 0.054317 0.045746 9.0514 8.3504 8.3504 9.0514
72.4 0.045644 0.054196 0.054196 0.045644 9.006 8.3083 8.3083 9.006
72.5 0.045543 0.054075 0.054075 0.045543 8.9608 8.2663 8.2663 8.9608
72.6 0.045442 0.053955 0.053955 0.045442 8.9157 8.2245 8.2245 8.9157
72.7 0.045341 0.053836 0.053836 0.045341 8.8708 8.1829 8.1829 8.8708
72.8 0.04524 0.053716 0.053716 0.04524 8.8261 8.1414 8.1414 8.8261
72.9 0.04514 0.053597 0.053597 0.04514 8.7815 8.1 8.1 8.7815
73 0.04504 0.053478 0.053478 0.04504 8.7371 8.0589 8.0589 8.7371
73.1 0.04494 0.05336 0.05336 0.04494 8.6929 8.0179 8.0179 8.6929
73.2 0.044841 0.053242 0.053242 0.044841 8.6488 7.977 7.977 8.6488
73.3 0.044742 0.053124 0.053124 0.044742 8.6049 7.9363 7.9363 8.6049
73.4 0.044643 0.053007 0.053007 0.044643 8.5612 7.8958 7.8958 8.5612
73.5 0.044544 0.052889 0.052889 0.044544 8.5176 7.8554 7.8554 8.5176
73.6 0.044445 0.052773 0.052773 0.044445 8.4742 7.8151 7.8151 8.4742
73.7 0.044347 0.052656 0.052656 0.044347 8.4309 7.7751 7.7751 8.4309
73.8 0.044249 0.05254 0.05254 0.044249 8.3878 7.7351 7.7351 8.3878
73.9 0.044152 0.052424 0.052424 0.044152 8.3449 7.6954 7.6954 8.3449
74 0.044054 0.052308 0.052308 0.044054 8.3022 7.6557 7.6557 8.3022
74.1 0.043957 0.052193 0.052193 0.043957 8.2596 7.6163 7.6163 8.2596
74.2 0.043861 0.052078 0.052078 0.043861 8.2171 7.577 7.577 8.2171
74.3 0.043764 0.051964 0.051964 0.043764 8.1748 7.5378 7.5378 8.1748
74.4 0.043668 0.051849 0.051849 0.043668 8.1327 7.4988 7.4988 8.1327
74.5 0.043572 0.051735 0.051735 0.043572 8.0908 7.4599 7.4599 8.0908
74.6 0.043476 0.051622 0.051622 0.043476 8.049 7.4212 7.4212 8.049
74.7 0.04338 0.051508 0.051508 0.04338 8.0073 7.3827 7.3827 8.0073
74.8 0.043285 0.051395 0.051395 0.043285 7.9659 7.3442 7.3442 7.9659
74.9 0.04319 0.051283 0.051283 0.04319 7.9246 7.306 7.306 7.9246
75 0.043095 0.05117 0.05117 0.043095 7.8834 7.2679 7.2679 7.8834
75.1 0.043001 0.051058 0.051058 0.043001 7.8424 7.2299 7.2299 7.8424
75.2 0.042907 0.050946 0.050946 0.042907 7.8016 7.1921 7.1921 7.8016
75.3 0.042813 0.050835 0.050835 0.042813 7.7609 7.1544 7.1544 7.7609
75.4 0.042719 0.050723 0.050723 0.042719 7.7203 7.1169 7.1169 7.7203
75.5 0.042626 0.050612 0.050612 0.042626 7.68 7.0796 7.0796 7.68
75.6 0.042532 0.050502 0.050502 0.042532 7.6398 7.0423 7.0423 7.6398
75.7 0.042439 0.050391 0.050391 0.042439 7.5997 7.0053 7.0053 7.5997
75.8 0.042347 0.050281 0.050281 0.042347 7.5598 6.9683 6.9683 7.5598
75.9 0.042254 0.050172 0.050172 0.042254 7.5201 6.9315 6.9315 7.5201
76 0.042162 0.050062 0.050062 0.042162 7.4805 6.8949 6.8949 7.4805
76.1 0.04207 0.049953 0.049953 0.04207 7.441 6.8584 6.8584 7.441
76.2 0.041978 0.049844 0.049844 0.041978 7.4017 6.8221 6.8221 7.4017
76.3 0.041887 0.049736 0.049736 0.041887 7.3626 6.7859 6.7859 7.3626
76.4 0.041796 0.049627 0.049627 0.041796 7.3236 6.7498 6.7498 7.3236
76.5 0.041705 0.049519 0.049519 0.041705 7.2848 6.7139 6.7139 7.2848
76.6 0.041614 0.049412 0.049412 0.041614 7.2461 6.6781 6.6781 7.2461
76.7 0.041524 0.049304 0.049304 0.041524 7.2076 6.6425 6.6425 7.2076
76.8 0.041433 0.049197 0.049197 0.041433 7.1692 6.607 6.607 7.1692
76.9 0.041343 0.04909 0.04909 0.041343 7.131 6.5717 6.5717 7.131
77 0.041254 0.048984 0.048984 0.041254 7.0929 6.5365 6.5365 7.0929
77.1 0.041164 0.048878 0.048878 0.041164 7.055 6.5014 6.5014 7.055
77.2 0.041075 0.048772 0.048772 0.041075 7.0173 6.4665 6.4665 7.0173
77.3 0.040986 0.048666 0.048666 0.040986 6.9797 6.4317 6.4317 6.9797
77.4 0.040897 0.048561 0.048561 0.040897 6.9422 6.3971 6.3971 6.9422
77.5 0.040809 0.048456 0.048456 0.040809 6.9049 6.3626 6.3626 6.9049
77.6 0.04072 0.048351 0.048351 0.04072 6.8677 6.3282 6.3282 6.8677
77.7 0.040632 0.048246 0.048246 0.040632 6.8307 6.294 6.294 6.8307
77.8 0.040544 0.048142 0.048142 0.040544 6.7938 6.2599 6.2599 6.7938
77.9 0.040457 0.048038 0.048038 0.040457 6.7571 6.226 6.226 6.7571
78 0.040369 0.047934 0.047934 0.040369 6.7205 6.1922 6.1922 6.7205
78.1 0.040282 0.047831 0.047831 0.040282 6.6841 6.1585 6.1585 6.6841
78.2 0.040195 0.047728 0.047728 0.040195 6.6478 6.125 6.125 6.6478
78.3 0.040109 0.047625 0.047625 0.040109 6.6117 6.0916 6.0916 6.6117
78.4 0.040022 0.047522 0.047522 0.040022 6.5757 6.0584 6.0584 6.5757
78.5 0.039936 0.04742 0.04742 0.039936 6.5398 6.0253 6.0253 6.5398
78.6 0.03985 0.047318 0.047318 0.03985 6.5041 5.9923 5.9923 6.5041
78.7 0.039764 0.047216 0.047216 0.039764 6.4686 5.9594 5.9594 6.4686
78.8 0.039679 0.047115 0.047115 0.039679 6.4332 5.9267 5.9267 6.4332
78.9 0.039594 0.047014 0.047014 0.039594 6.3979 5.8942 5.8942 6.3979
79 0.039509 0.046913 0.046913 0.039509 6.3628 5.8617 5.8617 6.3628
79.1 0.039424 0.046812 0.046812 0.039424 6.3278 5.8294 5.8294 6.3278
79.2 0.039339 0.046712 0.046712 0.039339 6.2929 5.7973 5.7973 6.2929
79.3 0.039255 0.046611 0.046611 0.039255 6.2582 5.7652 5.7652 6.2582
79.4 0.039171 0.046511 0.046511 0.039171 6.2237 5.7333 5.7333 6.2237
79.5 0.039087 0.046412 0.046412 0.039087 6.1893 5.7016 5.7016 6.1893
79.6 0.039003 0.046313 0.046313 0.039003 6.155 5.6699 5.6699 6.155
79.7 0.03892 0.046213 0.046213 0.03892 6.1209 5.6384 5.6384 6.1209
79.8 0.038836 0.046115 0.046115 0.038836 6.0869 5.6071 5.6071 6.0869
79.9 0.038753 0.046016 0.046016 0.038753 6.0531 5.5758 5.5758 6.0531
80 0.038671 0.045918 0.045918 0.038671 6.0194 5.5447 5.5447 6.0194
80.1 0.038588 0.04582 0.04582 0.038588 5.9858 5.5138 5.5138 5.9858
80.2 0.038506 0.045722 0.045722 0.038506 5.9524 5.4829 5.4829 5.9524
80.3 0.038424 0.045625 0.045625 0.038424 5.9191 5.4522 5.4522 5.9191
80.4 0.038342 0.045527 0.045527 0.038342 5.8859 5.4216 5.4216 5.8859
80.5 0.03826 0.04543 0.04543 0.03826 5.8529 5.3912 5.3912 5.8529
80.6 0.038179 0.045334 0.045334 0.038179 5.8201 5.3609 5.3609 5.8201
80.7 0.038097 0.045237 0.045237 0.038097 5.7873 5.3307 5.3307 5.7873
80.8 0.038016 0.045141 0.045141 0.038016 5.7547 5.3006 5.3006 5.7547
80.9 0.037935 0.045045 0.045045 0.037935 5.7223 5.2707 5.2707 5.7223
81 0.037855 0.044949 0.044949 0.037855 5.6899 5.2409 5.2409 5.6899
81.1 0.037774 0.044854 0.044854 0.037774 5.6578 5.2112 5.2112 5.6578
81.2 0.037694 0.044759 0.044759 0.037694 5.6257 5.1816 5.1816 5.6257
81.3 0.037614 0.044664 0.044664 0.037614 5.5938 5.1522 5.1522 5.5938
81.4 0.037534 0.044569 0.044569 0.037534 5.562 5.1229 5.1229 5.562
81.5 0.037455 0.044475 0.044475 0.037455 5.5304 5.0937 5.0937 5.5304
81.6 0.037376 0.044381 0.044381 0.037376 5.4989 5.0647 5.0647 5.4989
81.7 0.037296 0.044287 0.044287 0.037296 5.4675 5.0358 5.0358 5.4675
81.8 0.037218 0.044193 0.044193 0.037218 5.4363 5.007 5.007 5.4363
81.9 0.037139 0.0441 0.0441 0.037139 5.4051 4.9783 4.9783 5.4051
82 0.03706 0.044006 0.044006 0.03706 5.3742 4.9498 4.9498 5.3742
82.1 0.036982 0.043913 0.043913 0.036982 5.3433 4.9213 4.9213 5.3433
82.2 0.036904 0.043821 0.043821 0.036904 5.3126 4.893 4.893 5.3126
82.3 0.036826 0.043728 0.043728 0.036826 5.2821 4.8649 4.8649 5.2821
82.4 0.036748 0.043636 0.043636 0.036748 5.2516 4.8368 4.8368 5.2516
82.5 0.036671 0.043544 0.043544 0.036671 5.2213 4.8089 4.8089 5.2213
82.6 0.036594 0.043452 0.043452 0.036594 5.1911 4.7811 4.7811 5.1911
82.7 0.036517 0.043361 0.043361 0.036517 5.1611 4.7534 4.7534 5.1611
82.8 0.03644 0.04327 0.04327 0.03644 5.1311 4.7259 4.7259 5.1311
82.9 0.036363 0.043179 0.043179 0.036363 5.1014 4.6984 4.6984 5.1014
83 0.036287 0.043088 0.043088 0.036287 5.0717 4.6711 4.6711 5.0717
83.1 0.03621 0.042998 0.042998 0.03621 5.0422 4.6439 4.6439 5.0422
83.2 0.036134 0.042907 0.042907 0.036134 5.0128 4.6168 4.6168 5.0128
83.3 0.036059 0.042817 0.042817 0.036059 4.9835 4.5899 4.5899 4.9835
83.4 0.035983 0.042728 0.042728 0.035983 4.9544 4.5631 4.5631 4.9544
83.5 0.035908 0.042638 0.042638 0.035908 4.9253 4.5363 4.5363 4.9253
83.6 0.035832 0.042549 0.042549 0.035832 4.8965 4.5098 4.5098 4.8965
83.7 0.035757 0.04246 0.04246 0.035757 4.8677 4.4833 4.4833 4.8677
83.8 0.035682 0.042371 0.042371 0.035682 4.8391 4.4569 4.4569 4.8391
83.9 0.035608 0.042282 0.042282 0.035608 4.8106 4.4307 4.4307 4.8106
84 0.035533 0.042194 0.042194 0.035533 4.7822 4.4046 4.4046 4.7822
84.1 0.035459 0.042106 0.042106 0.035459 4.7539 4.3786 4.3786 4.7539
84.2 0.035385 0.042018 0.042018 0.035385 4.7258 4.3527 4.3527 4.7258
84.3 0.035311 0.04193 0.04193 0.035311 4.6978 4.3269 4.3269 4.6978
84.4 0.035237 0.041843 0.041843 0.035237 4.6699 4.3013 4.3013 4.6699
84.5 0.035164 0.041755 0.041755 0.035164 4.6422 4.2757 4.2757 4.6422
84.6 0.035091 0.041668 0.041668 0.035091 4.6146 4.2503 4.2503 4.6146
84.7 0.035018 0.041582 0.041582 0.035018 4.5871 4.225 4.225 4.5871
84.8 0.034945 0.041495 0.041495 0.034945 4.5597 4.1998 4.1998 4.5597
84.9 0.034872 0.041409 0.041409 0.034872 4.5324 4.1748 4.1748 4.5324
85 0.0348 0.041323 0.041323 0.0348 4.5053 4.1498 4.1498 4.5053
85.1 0.034727 0.041237 0.041237 0.034727 4.4783 4.125 4.125 4.4783
85.2 0.034655 0.041151 0.041151 0.034655 4.4514 4.1003 4.1003 4.4514
85.3 0.034583 0.041066 0.041066 0.034583 4.4247 4.0756 4.0756 4.4247
85.4 0.034511 0.040981 0.040981 0.034511 4.398 4.0511 4.0511 4.398
85.5 0.03444 0.040896 0.040896 0.03444 4.3715 4.0268 4.0268 4.3715
85.6 0.034369 0.040811 0.040811 0.034369 4.3451 4.0025 4.0025 4.3451
85.7 0.034297 0.040727 0.040727 0.034297 4.3188 3.9783 3.9783 4.3188
85.8 0.034226 0.040642 0.040642 0.034226 4.2927 3.9543 3.9543 4.2927
85.9 0.034156 0.040558 0.040558 0.034156 4.2666 3.9304 3.9304 4.2666
86 0.034085 0.040475 0.040475 0.034085 4.2407 3.9065 3.9065 4.2407
86.1 0.034015 0.040391 0.040391 0.034015 4.2149 3.8828 3.8828 4.2149
86.2 0.033944 0.040308 0.040308 0.033944 4.1893 3.8592 3.8592 4.1893
86.3 0.033874 0.040224 0.040224 0.033874 4.1637 3.8357 3.8357 4.1637
86.4 0.033804 0.040142 0.040142 0.033804 4.1383 3.8124 3.8124 4.1383
86.5 0.033735 0.040059 0.040059 0.033735 4.1129 3.7891 3.7891 4.1129
86.6 0.033665 0.039976 0.039976 0.033665 4.0877 3.7659 3.7659 4.0877
86.7 0.033596 0.039894 0.039894 0.033596 4.0627 3.7429 3.7429 4.0627
86.8 0.033527 0.039812 0.039812 0.033527 4.0377 3.7199 3.7199 4.0377
86.9 0.033458 0.03973 0.03973 0.033458 4.0128 3.6971 3.6971 4.0128
87 0.033389 0.039648 0.039648 0.033389 3.9881 3.6744 3.6744 3.9881
87.1 0.03332 0.039567 0.039567 0.03332 3.9635 3.6518 3.6518 3.9635
87.2 0.033252 0.039486 0.039486 0.033252 3.939 3.6293 3.6293 3.939
87.3 0.033184 0.039405 0.039405 0.033184 3.9146 3.6069 3.6069 3.9146
87.4 0.033116 0.039324 0.039324 0.033116 3.8903 3.5846 3.5846 3.8903
87.5 0.033048 0.039243 0.039243 0.033048 3.8662 3.5624 3.5624 3.8662
87.6 0.03298 0.039163 0.039163 0.03298 3.8421 3.5403 3.5403 3.8421
87.7 0.032912 0.039083 0.039083 0.032912 3.8182 3.5183 3.5183 3.8182
87.8 0.032845 0.039003 0.039003 0.032845 3.7944 3.4965 3.4965 3.7944
87.9 0.032778 0.038923 0.038923 0.032778 3.7707 3.4747 3.4747 3.7707
88 0.032711 0.038844 0.038844 0.032711 3.7471 3.4531 3.4531 3.7471
88.1 0.032644 0.038764 0.038764 0.032644 3.7236 3.4315 3.4315 3.7236
88.2 0.032577 0.038685 0.038685 0.032577 3.7003 3.4101 3.4101 3.7003
88.3 0.032511 0.038606 0.038606 0.032511 3.677 3.3887 3.3887 3.677
88.4 0.032445 0.038528 0.038528 0.032445 3.6539 3.3675 3.3675 3.6539
88.5 0.032379 0.038449 0.038449 0.032379 3.6309 3.3464 3.3464 3.6309
88.6 0.032313 0.038371 0.038371 0.032313 3.608 3.3253 3.3253 3.608
88.7 0.032247 0.038293 0.038293 0.032247 3.5852 3.3044 3.3044 3.5852
88.8 0.032181 0.038215 0.038215 0.032181 3.5625 3.2836 3.2836 3.5625
88.9 0.032116 0.038137 0.038137 0.032116 3.5399 3.2629 3.2629 3.5399
89 0.032051 0.03806 0.03806 0.032051 3.5174 3.2423 3.2423 3.5174
89.1 0.031985 0.037982 0.037982 0.031985 3.4951 3.2217 3.2217 3.4951
89.2 0.03192 0.037905 0.037905 0.03192 3.4728 3.2013 3.2013 3.4728
89.3 0.031856 0.037829 0.037829 0.031856 3.4507 3.181 3.181 3.4507
89.4 0.031791 0.037752 0.037752 0.031791 3.4287 3.1608 3.1608 3.4287
89.5 0.031727 0.037675 0.037675 0.031727 3.4068 3.1407 3.1407 3.4068
89.6 0.031662 0.037599 0.037599 0.031662 3.3849 3.1207 3.1207 3.3849
89.7 0.031598 0.037523 0.037523 0.031598 3.3632 3.1008 3.1008 3.3632
89.8 0.031534 0.037447 0.037447 0.031534 3.3416 3.081 3.081 3.3416
89.9 0.031471 0.037372 0.037372 0.031471 3.3202 3.0612 3.0612 3.3202
90 0.031407 0.037296 0.037296 0.031407 3.2988 3.0416 3.0416 3.2988
90.1 0.031344 0.037221 0.037221 0.031344 3.2775 3.0221 3.0221 3.2775
90.2 0.03128 0.037146 0.037146 0.03128 3.2563 3.0027 3.0027 3.2563
90.3 0.031217 0.037071 0.037071 0.031217 3.2353 2.9834 2.9834 3.2353
90.4 0.031154 0.036996 0.036996 0.031154 3.2143 2.9642 2.9642 3.2143
90.5 0.031092 0.036922 0.036922 0.031092 3.1934 2.945 2.945 3.1934
90.6 0.031029 0.036847 0.036847 0.031029 3.1727 2.926 2.926 3.1727
90.7 0.030967 0.036773 0.036773 0.030967 3.1521 2.9071 2.9071 3.1521
90.8 0.030904 0.036699 0.036699 0.030904 3.1315 2.8883 2.8883 3.1315
90.9 0.030842 0.036626 0.036626 0.030842 3.1111 2.8695 2.8695 3.1111
91 0.03078 0.036552 0.036552 0.03078 3.0908 2.8509 2.8509 3.0908
91.1 0.030719 0.036479 0.036479 0.030719 3.0705 2.8323 2.8323 3.0705
91.2 0.030657 0.036406 0.036406 0.030657 3.0504 2.8139 2.8139 3.0504
91.3 0.030596 0.036333 0.036333 0.030596 3.0304 2.7955 2.7955 3.0304
91.4 0.030534 0.03626 0.03626 0.030534 3.0105 2.7773 2.7773 3.0105
91.5 0.030473 0.036187 0.036187 0.030473 2.9906 2.7591 2.7591 2.9906
91.6 0.030412 0.036115 0.036115 0.030412 2.9709 2.7411 2.7411 2.9709
91.7 0.030351 0.036043 0.036043 0.030351 2.9513 2.7231 2.7231 2.9513
91.8 0.030291 0.035971 0.035971 0.030291 2.9318 2.7052 2.7052 2.9318
91.9 0.03023 0.035899 0.035899 0.03023 2.9124 2.6874 2.6874 2.9124
92 0.03017 0.035827 0.035827 0.03017 2.8931 2.6697 2.6697 2.8931
92.1 0.03011 0.035756 0.035756 0.03011 2.8739 2.6521 2.6521 2.8739
92.2 0.03005 0.035685 0.035685 0.03005 2.8548 2.6346 2.6346 2.8548
92.3 0.02999 0.035614 0.035614 0.02999 2.8358 2.6172 2.6172 2.8358
92.4 0.02993 0.035543 0.035543 0.02993 2.8168 2.5999 2.5999 2.8168
92.5 0.02987 0.035472 0.035472 0.02987 2.798 2.5826 2.5826 2.798
92.6 0.029811 0.035402 0.035402 0.029811 2.7793 2.5655 2.5655 2.7793
92.7 0.029752 0.035331 0.035331 0.029752 2.7607 2.5484 2.5484 2.7607
92.8 0.029693 0.035261 0.035261 0.029693 2.7422 2.5315 2.5315 2.7422
92.9 0.029634 0.035191 0.035191 0.029634 2.7238 2.5146 2.5146 2.7238
93 0.029575 0.035121 0.035121 0.029575 2.7054 2.4978 2.4978 2.7054
93.1 0.029516 0.035052 0.035052 0.029516 2.6872 2.4811 2.4811 2.6872
93.2 0.029458 0.034982 0.034982 0.029458 2.6691 2.4645 2.4645 2.6691
93.3 0.0294 0.034913 0.034913 0.0294 2.6511 2.448 2.448 2.6511
93.4 0.029341 0.034844 0.034844 0.029341 2.6331 2.4316 2.4316 2.6331
93.5 0.029283 0.034775 0.034775 0.029283 2.6153 2.4152 2.4152 2.6153
93.6 0.029226 0.034706 0.034706 0.029226 2.5975 2.399 2.399 2.5975
93.7 0.029168 0.034638 0.034638 0.029168 2.5799 2.3828 2.3828 2.5799
93.8 0.02911 0.03457 0.03457 0.02911 2.5623 2.3667 2.3667 2.5623
93.9 0.029053 0.034501 0.034501 0.029053 2.5449 2.3507 2.3507 2.5449
94 0.028996 0.034433 0.034433 0.028996 2.5275 2.3348 2.3348 2.5275
94.1 0.028938 0.034366 0.034366 0.028938 2.5102 2.319 2.319 2.5102
94.2 0.028881 0.034298 0.034298 0.028881 2.4931 2.3033 2.3033 2.4931
94.3 0.028825 0.034231 0.034231 0.028825 2.476 2.2876 2.2876 2.476
94.4 0.028768 0.034163 0.034163 0.028768 2.459 2.2721 2.2721 2.459
94.5 0.028711 0.034096 0.034096 0.028711 2.4421 2.2566 2.2566 2.4421
94.6 0.028655 0.034029 0.034029 0.028655 2.4253 2.2412 2.2412 2.4253
94.7 0.028599 0.033963 0.033963 0.028599 2.4086 2.2259 2.2259 2.4086
94.8 0.028543 0.033896 0.033896 0.028543 2.3919 2.2107 2.2107 2.3919
94.9 0.028487 0.03383 0.03383 0.028487 2.3754 2.1956 2.1956 2.3754
95 0.028431 0.033763 0.033763 0.028431 2.359 2.1805 2.1805 2.359
95.1 0.028375 0.033697 0.033697 0.028375 2.3426 2.1656 2.1656 2.3426
95.2 0.02832 0.033631 0.033631 0.02832 2.3264 2.1507 2.1507 2.3264
95.3 0.028264 0.033566 0.033566 0.028264 2.3102 2.1359 2.1359 2.3102
95.4 0.028209 0.0335 0.0335 0.028209 2.2941 2.1211 2.1211 2.2941
95.5 0.028154 0.033435 0.033435 0.028154 2.2781 2.1065 2.1065 2.2781
95.6 0.028099 0.033369 0.033369 0.028099 2.2622 2.092 2.092 2.2622
95.7 0.028044 0.033304 0.033304 0.028044 2.2464 2.0775 2.0775 2.2464
95.8 0.02799 0.03324 0.03324 0.02799 2.2307 2.0631 2.0631 2.2307
95.9 0.027935 0.033175 0.033175 0.027935 2.215 2.0488 2.0488 2.215
96 0.027881 0.03311 0.03311 0.027881 2.1995 2.0345 2.0345 2.1995
96.1 0.027827 0.033046 0.033046 0.027827 2.184 2.0204 2.0204 2.184
96.2 0.027773 0.032982 0.032982 0.027773 2.1687 2.0063 2.0063 2.1687
96.3 0.027719 0.032918 0.032918 0.027719 2.1534 1.9923 1.9923 2.1534
96.4 0.027665 0.032854 0.032854 0.027665 2.1382 1.9784 1.9784 2.1382
96.5 0.027611 0.03279 0.03279 0.027611 2.1231 1.9646 1.9646 2.1231
96.6 0.027558 0.032727 0.032727 0.027558 2.108 1.9508 1.9508 2.108
96.7 0.027504 0.032663 0.032663 0.027504 2.0931 1.9372 1.9372 2.0931
96.8 0.027451 0.0326 0.0326 0.027451 2.0782 1.9236 1.9236 2.0782
96.9 0.027398 0.032537 0.032537 0.027398 2.0635 1.91 1.91 2.0635
97 0.027345 0.032474 0.032474 0.027345 2.0488 1.8966 1.8966 2.0488
97.1 0.027292 0.032412 0.032412 0.027292 2.0342 1.8832 1.8832 2.0342
97.2 0.027239 0.032349 0.032349 0.027239 2.0197 1.87 1.87 2.0197
97.3 0.027187 0.032287 0.032287 0.027187 2.0052 1.8567 1.8567 2.0052
97.4 0.027134 0.032224 0.032224 0.027134 1.9909 1.8436 1.8436 1.9909
97.5 0.027082 0.032162 0.032162 0.027082 1.9766 1.8306 1.8306 1.9766
97.6 0.02703 0.0321 0.0321 0.02703 1.9624 1.8176 1.8176 1.9624
97.7 0.026978 0.032039 0.032039 0.026978 1.9483 1.8047 1.8047 1.9483
97.8 0.026926 0.031977 0.031977 0.026926 1.9343 1.7918 1.7918 1.9343
97.9 0.026874 0.031916 0.031916 0.026874 1.9204 1.7791 1.7791 1.9204
98 0.026823 0.031854 0.031854 0.026823 1.9065 1.7664 1.7664 1.9065
98.1 0.026771 0.031793 0.031793 0.026771 1.8927 1.7538 1.7538 1.8927
98.2 0.02672 0.031732 0.031732 0.02672 1.879 1.7413 1.7413 1.879
98.3 0.026669 0.031672 0.031672 0.026669 1.8654 1.7288 1.7288 1.8654
98.4 0.026618 0.031611 0.031611 0.026618 1.8519 1.7164 1.7164 1.8519
98.5 0.026567 0.031551 0.031551 0.026567 1.8384 1.7041 1.7041 1.8384
98.6 0.026516 0.03149 0.03149 0.026516 1.8251 1.6919 1.6919 1.8251
98.7 0.026465 0.03143 0.03143 0.026465 1.8118 1.6797 1.6797 1.8118
98.8 0.026415 0.03137 0.03137 0.026415 1.7985 1.6676 1.6676 1.7985
98.9 0.026364 0.03131 0.03131 0.026364 1.7854 1.6556 1.6556 1.7854
99 0.026314 0.031251 0.031251 0.026314 1.7724 1.6436 1.6436 1.7724
99.1 0.026264 0.031191 0.031191 0.026264 1.7594 1.6318 1.6318 1.7594
99.2 0.026214 0.031132 0.031132 0.026214 1.7465 1.62 1.62 1.7465
99.3 0.026164 0.031073 0.031073 0.026164 1.7336 1.6082 1.6082 1.7336
99.4 0.026114 0.031013 0.031013 0.026114 1.7209 1.5966 1.5966 1.7209
99.5 0.026065 0.030955 0.030955 0.026065 1.7082 1.585 1.585 1.7082
99.6 0.026015 0.030896 0.030896 0.026015 1.6956 1.5734 1.5734 1.6956
99.7 0.025966 0.030837 0.030837 0.025966 1.6831 1.562 1.562 1.6831
99.8 0.025917 0.030779 0.030779 0.025917 1.6707 1.5506 1.5506 1.6707
99.9 0.025867 0.030721 0.030721 0.025867 1.6583 1.5393 1.5393 1.6583
100 0.025818 0.030662 0.030662 0.025818 1.646 1.528 1.528 1.646
100.1 0.02577 0.030604 0.030604 0.02577 1.6338 1.5169 1.5169 1.6338
100.2 0.025721 0.030547 0.030547 0.025721 1.6217 1.5057 1.5057 1.6217
100.3 0.025672 0.030489 0.030489 0.025672 1.6096 1.4947 1.4947 1.6096
100.4 0.025624 0.030431 0.030431 0.025624 1.5976 1.4837 1.4837 1.5976
100.5 0.025575 0.030374 0.030374 0.025575 1.5857 1.4728 1.4728 1.5857
100.6 0.025527 0.030317 0.030317 0.025527 1.5738 1.462 1.462 1.5738
100.7 0.025479 0.03026 0.03026 0.025479 1.5621 1.4512 1.4512 1.5621
100.8 0.025431 0.030203 0.030203 0.025431 1.5504 1.4405 1.4405 1.5504
100.9 0.025383 0.030146 0.030146 0.025383 1.5387 1.4298 1.4298 1.5387
101 0.025336 0.030089 0.030089 0.025336 1.5272 1.4193 1.4193 1.5272
101.1 0.025288 0.030033 0.030033 0.025288 1.5157 1.4088 1.4088 1.5157
101.2 0.025241 0.029976 0.029976 0.025241 1.5043 1.3983 1.3983 1.5043
101.3 0.025193 0.02992 0.02992 0.025193 1.4929 1.3879 1.3879 1.4929
101.4 0.025146 0.029864 0.029864 0.025146 1.4817 1.3776 1.3776 1.4817
101.5 0.025099 0.029808 0.029808 0.025099 1.4705 1.3674 1.3674 1.4705
101.6 0.025052 0.029752 0.029752 0.025052 1.4594 1.3572 1.3572 1.4594
101.7 0.025005 0.029697 0.029697 0.025005 1.4483 1.3471 1.3471 1.4483
101.8 0.024958 0.029641 0.029641 0.024958 1.4373 1.337 1.337 1.4373
101.9 0.024912 0.029586 0.029586 0.024912 1.4264 1.327 1.327 1.4264
102 0.024865 0.029531 0.029531 0.024865 1.4155 1.3171 1.3171 1.4155
102.1 0.024819 0.029476 0.029476 0.024819 1.4048 1.3072 1.3072 1.4048
102.2 0.024773 0.029421 0.029421 0.024773 1.3941 1.2974 1.2974 1.3941
102.3 0.024726 0.029366 0.029366 0.024726 1.3834 1.2876 1.2876 1.3834
102.4 0.02468 0.029312 0.029312 0.02468 1.3728 1.278 1.278 1.3728
102.5 0.024635 0.029257 0.029257 0.024635 1.3623 1.2683 1.2683 1.3623
102.6 0.024589 0.029203 0.029203 0.024589 1.3519 1.2588 1.2588 1.3519
102.7 0.024543 0.029149 0.029149 0.024543 1.3415 1.2493 1.2493 1.3415
102.8 0.024498 0.029095 0.029095 0.024498 1.3312 1.2398 1.2398 1.3312
102.9 0.024452 0.029041 0.029041 0.024452 1.321 1.2305 1.2305 1.321
103 0.024407 0.028987 0.028987 0.024407 1.3108 1.2211 1.2211 1.3108
103.1 0.024362 0.028933 0.028933 0.024362 1.3007 1.2119 1.2119 1.3007
103.2 0.024317 0.02888 0.02888 0.024317 1.2906 1.2027 1.2027 1.2906
103.3 0.024272 0.028826 0.028826 0.024272 1.2807 1.1935 1.1935 1.2807
103.4 0.024227 0.028773 0.028773 0.024227 1.2708 1.1845 1.1845 1.2708
103.5 0.024182 0.02872 0.02872 0.024182 1.2609 1.1754 1.1754 1.2609
103.6 0.024138 0.028667 0.028667 0.024138 1.2511 1.1665 1.1665 1.2511
103.7 0.024093 0.028614 0.028614 0.024093 1.2414 1.1576 1.1576 1.2414
103.8 0.024049 0.028562 0.028562 0.024049 1.2317 1.1487 1.1487 1.2317
103.9 0.024005 0.028509 0.028509 0.024005 1.2222 1.1399 1.1399 1.2222
104 0.02396 0.028457 0.028457 0.02396 1.2126 1.1312 1.1312 1.2126
104.1 0.023916 0.028405 0.028405 0.023916 1.2032 1.1225 1.1225 1.2032
104.2 0.023873 0.028353 0.028353 0.023873 1.1938 1.1139 1.1139 1.1938
104.3 0.023829 0.028301 0.028301 0.023829 1.1844 1.1054 1.1054 1.1844
104.4 0.023785 0.028249 0.028249 0.023785 1.1751 1.0969 1.0969 1.1751
104.5 0.023742 0.028197 0.028197 0.023742 1.1659 1.0884 1.0884 1.1659
104.6 0.023698 0.028146 0.028146 0.023698 1.1568 1.08 1.08 1.1568
104.7 0.023655 0.028094 0.028094 0.023655 1.1477 1.0717 1.0717 1.1477
104.8 0.023612 0.028043 0.028043 0.023612 1.1386 1.0634 1.0634 1.1386
104.9 0.023569 0.027992 0.027992 0.023569 1.1297 1.0552 1.0552 1.1297
105 0.023526 0.027941 0.027941 0.023526 1.1208 1.047 1.047 1.1208
105.1 0.023483 0.02789 0.02789 0.023483 1.1119 1.0389 1.0389 1.1119
105.2 0.02344 0.027839 0.027839 0.02344 1.1031 1.0308 1.0308 1.1031
105.3 0.023397 0.027788 0.027788 0.023397 1.0944 1.0228 1.0228 1.0944
105.4 0.023355 0.027738 0.027738 0.023355 1.0857 1.0148 1.0148 1.0857
105.5 0.023312 0.027688 0.027688 0.023312 1.0771 1.0069 1.0069 1.0771
105.6 0.02327 0.027637 0.027637 0.02327 1.0685 0.9991 0.9991 1.0685
105.7 0.023228 0.027587 0.027587 0.023228 1.06 0.9913 0.9913 1.06
105.8 0.023186 0.027537 0.027537 0.023186 1.0516 0.98356 0.98356 1.0516
105.9 0.023144 0.027488 0.027488 0.023144 1.0432 0.97586 0.97586 1.0432
106 0.023102 0.027438 0.027438 0.023102 1.0349 0.96823 0.96823 1.0349
106.1 0.02306 0.027388 0.027388 0.02306 1.0266 0.96064 0.96064 1.0266
106.2 0.023019 0.027339 0.027339 0.023019 1.0184 0.9531 0.9531 1.0184
106.3 0.022977 0.02729 0.02729 0.022977 1.0102 0.94562 0.94562 1.0102
106.4 0.022936 0.02724 0.02724 0.022936 1.0021 0.93818 0.93818 1.0021
106.5 0.022894 0.027191 0.027191 0.022894 0.99409 0.9308 0.9308 0.99409
106.6 0.022853 0.027142 0.027142 0.022853 0.9861 0.92346 0.92346 0.9861
106.7 0.022812 0.027094 0.027094 0.022812 0.97816 0.91618 0.91618 0.97816
106.8 0.022771 0.027045 0.027045 0.022771 0.97028 0.90895 0.90895 0.97028
106.9 0.02273 0.026996 0.026996 0.02273 0.96246 0.90176 0.90176 0.96246
107 0.022689 0.026948 0.026948 0.022689 0.95469 0.89463 0.89463 0.95469
107.1 0.022649 0.0269 0.0269 0.022649 0.94697 0.88755 0.88755 0.94697
107.2 0.022608 0.026852 0.026852 0.022608 0.93931 0.88051 0.88051 0.93931
107.3 0.022568 0.026804 0.026804 0.022568 0.9317 0.87352 0.87352 0.9317
107.4 0.022527 0.026756 0.026756 0.022527 0.92415 0.86658 0.86658 0.92415
107.5 0.022487 0.026708 0.026708 0.022487 0.91665 0.85969 0.85969 0.91665
107.6 0.022447 0.02666 0.02666 0.022447 0.9092 0.85285 0.85285 0.9092
107.7 0.022407 0.026613 0.026613 0.022407 0.9018 0.84605 0.84605 0.9018
107.8 0.022367 0.026565 0.026565 0.022367 0.89446 0.83931 0.83931 0.89446
107.9 0.022327 0.026518 0.026518 0.022327 0.88717 0.8326 0.8326 0.88717
108 0.022287 0.026471 0.026471 0.022287 0.87993 0.82595 0.82595 0.87993
108.1 0.022248 0.026424 0.026424 0.022248 0.87274 0.81934 0.81934 0.87274
108.2 0.022208 0.026377 0.026377 0.022208 0.8656 0.81278 0.81278 0.8656
108.3 0.022169 0.02633 0.02633 0.022169 0.85851 0.80627 0.80627 0.85851
108.4 0.02213 0.026284 0.026284 0.02213 0.85147 0.7998 0.7998 0.85147
108.5 0.02209 0.026237 0.026237 0.02209 0.84449 0.79337 0.79337 0.84449
108.6 0.022051 0.026191 0.026191 0.022051 0.83755 0.78699 0.78699 0.83755
108.7 0.022012 0.026144 0.026144 0.022012 0.83066 0.78066 0.78066 0.83066
108.8 0.021973 0.026098 0.026098 0.021973 0.82383 0.77437 0.77437 0.82383
108.9 0.021935 0.026052 0.026052 0.021935 0.81704 0.76813 0.76813 0.81704
109 0.021896 0.026006 0.026006 0.021896 0.8103 0.76193 0.76193 0.8103
109.1 0.021857 0.025961 0.025961 0.021857 0.80361 0.75577 0.75577 0.80361
109.2 0.021819 0.025915 0.025915 0.021819 0.79697 0.74966 0.74966 0.79697
109.3 0.02178 0.025869 0.025869 0.02178 0.79037 0.74359 0.74359 0.79037
109.4 0.021742 0.025824 0.025824 0.021742 0.78382 0.73757 0.73757 0.78382
109.5 0.021704 0.025779 0.025779 0.021704 0.77733 0.73158 0.73158 0.77733
109.6 0.021666 0.025733 0.025733 0.021666 0.77087 0.72565 0.72565 0.77087
109.7 0.021628 0.025688 0.025688 0.021628 0.76447 0.71975 0.71975 0.76447
109.8 0.02159 0.025643 0.025643 0.02159 0.75811 0.71389 0.71389 0.75811
109.9 0.021552 0.025599 0.025599 0.021552 0.7518 0.70808 0.70808 0.7518
110 0.021515 0.025554 0.025554 0.021515 0.74554 0.70231 0.70231 0.74554
110.1 0.021477 0.025509 0.025509 0.021477 0.73932 0.69658 0.69658 0.73932
110.2 0.02144 0.025465 0.025465 0.02144 0.73314 0.6909 0.6909 0.73314
110.3 0.021402 0.02542 0.02542 0.021402 0.72701 0.68525 0.68525 0.72701
110.4 0.021365 0.025376 0.025376 0.021365 0.72093 0.67965 0.67965 0.72093
110.5 0.021328 0.025332 0.025332 0.021328 0.71489 0.67408 0.67408 0.71489
110.6 0.021291 0.025288 0.025288 0.021291 0.7089 0.66856 0.66856 0.7089
110.7 0.021254 0.025244 0.025244 0.021254 0.70295 0.66308 0.66308 0.70295
110.8 0.021217 0.0252 0.0252 0.021217 0.69705 0.65763 0.65763 0.69705
110.9 0.02118 0.025157 0.025157 0.02118 0.69119 0.65223 0.65223 0.69119
111 0.021143 0.025113 0.025113 0.021143 0.68537 0.64686 0.64686 0.68537
111.1 0.021107 0.02507 0.02507 0.021107 0.67959 0.64154 0.64154 0.67959
111.2 0.02107 0.025026 0.025026 0.02107 0.67386 0.63625 0.63625 0.67386
111.3 0.021034 0.024983 0.024983 0.021034 0.66818 0.63101 0.63101 0.66818
111.4 0.020998 0.02494 0.02494 0.020998 0.66253 0.6258 0.6258 0.66253
111.5 0.020962 0.024897 0.024897 0.020962 0.65693 0.62063 0.62063 0.65693
111.6 0.020925 0.024854 0.024854 0.020925 0.65137 0.6155 0.6155 0.65137
111.7 0.020889 0.024812 0.024812 0.020889 0.64585 0.6104 0.6104 0.64585
111.8 0.020853 0.024769 0.024769 0.020853 0.64037 0.60535 0.60535 0.64037
111.9 0.020818 0.024727 0.024727 0.020818 0.63493 0.60033 0.60033 0.63493
112 0.020782 0.024684 0.024684 0.020782 0.62954 0.59535 0.59535 0.62954
112.1 0.020746 0.024642 0.024642 0.020746 0.62419 0.5904 0.5904 0.62419
112.2 0.020711 0.0246 0.0246 0.020711 0.61887 0.5855 0.5855 0.61887
112.3 0.020675 0.024558 0.024558 0.020675 0.6136 0.58062 0.58062 0.6136
112.4 0.02064 0.024516 0.024516 0.02064 0.60837 0.57579 0.57579 0.60837
112.5 0.020605 0.024474 0.024474 0.020605 0.60317 0.57099 0.57099 0.60317
112.6 0.02057 0.024432 0.024432 0.02057 0.59802 0.56623 0.56623 0.59802
112.7 0.020535 0.024391 0.024391 0.020535 0.5929 0.5615 0.5615 0.5929
112.8 0.0205 0.024349 0.024349 0.0205 0.58783 0.55681 0.55681 0.58783
112.9 0.020465 0.024308 0.024308 0.020465 0.58279 0.55215 0.55215 0.58279
113 0.02043 0.024266 0.024266 0.02043 0.5778 0.54753 0.54753 0.5778
113.1 0.020395 0.024225 0.024225 0.020395 0.57284 0.54295 0.54295 0.57284
113.2 0.020361 0.024184 0.024184 0.020361 0.56792 0.5384 0.5384 0.56792
113.3 0.020326 0.024143 0.024143 0.020326 0.56303 0.53388 0.53388 0.56303
113.4 0.020292 0.024102 0.024102 0.020292 0.55819 0.5294 0.5294 0.55819
113.5 0.020258 0.024062 0.024062 0.020258 0.55338 0.52495 0.52495 0.55338
113.6 0.020223 0.024021 0.024021 0.020223 0.54861 0.52053 0.52053 0.54861
113.7 0.020189 0.023981 0.023981 0.020189 0.54387 0.51615 0.51615 0.54387
113.8 0.020155 0.02394 0.02394 0.020155 0.53918 0.5118 0.5118 0.53918
113.9 0.020121 0.0239 0.0239 0.020121 0.53452 0.50749 0.50749 0.53452
114 0.020087 0.02386 0.02386 0.020087 0.52989 0.5032 0.5032 0.52989
114.1 0.020054 0.02382 0.02382 0.020054 0.52531 0.49895 0.49895 0.52531
114.2 0.02002 0.02378 0.02378 0.02002 0.52075 0.49474 0.49474 0.52075
114.3 0.019986 0.02374 0.02374 0.019986 0.51624 0.49055 0.49055 0.51624
114.4 0.019953 0.0237 0.0237 0.019953 0.51176 0.4864 0.4864 0.51176
114.5 0.019919 0.02366 0.02366 0.019919 0.50731 0.48228 0.48228 0.50731
114.6 0.019886 0.023621 0.023621 0.019886 0.5029 0.47819 0.47819 0.5029
114.7 0.019853 0.023581 0.023581 0.019853 0.49852 0.47413 0.47413 0.49852
114.8 0.01982 0.023542 0.023542 0.01982 0.49418 0.4701 0.4701 0.49418
114.9 0.019787 0.023503 0.023503 0.019787 0.48987 0.46611 0.46611 0.48987
115 0.019754 0.023464 0.023464 0.019754 0.4856 0.46214 0.46214 0.4856
115.1 0.019721 0.023425 0.023425 0.019721 0.48136 0.45821 0.45821 0.48136
115.2 0.019688 0.023386 0.023386 0.019688 0.47715 0.45431 0.45431 0.47715
115.3 0.019656 0.023347 0.023347 0.019656 0.47298 0.45043 0.45043 0.47298
115.4 0.019623 0.023308 0.023308 0.019623 0.46884 0.44659 0.44659 0.46884
115.5 0.01959 0.02327 0.02327 0.01959 0.46473 0.44278 0.44278 0.46473
115.6 0.019558 0.023231 0.023231 0.019558 0.46066 0.43899 0.43899 0.46066
115.7 0.019526 0.023193 0.023193 0.019526 0.45661 0.43524 0.43524 0.45661
115.8 0.019493 0.023155 0.023155 0.019493 0.45261 0.43151 0.43151 0.45261
115.9 0.019461 0.023116 0.023116 0.019461 0.44863 0.42782 0.42782 0.44863
116 0.019429 0.023078 0.023078 0.019429 0.44468 0.42415 0.42415 0.44468
116.1 0.019397 0.02304 0.02304 0.019397 0.44077 0.42051 0.42051 0.44077
116.2 0.019365 0.023003 0.023003 0.019365 0.43688 0.4169 0.4169 0.43688
116.3 0.019333 0.022965 0.022965 0.019333 0.43303 0.41332 0.41332 0.43303
116.4 0.019302 0.022927 0.022927 0.019302 0.42921 0.40977 0.40977 0.42921
116.5 0.01927 0.02289 0.02289 0.01927 0.42542 0.40624 0.40624 0.42542
116.6 0.019239 0.022852 0.022852 0.019239 0.42166 0.40275 0.40275 0.42166
116.7 0.019207 0.022815 0.022815 0.019207 0.41793 0.39928 0.39928 0.41793
116.8 0.019176 0.022778 0.022778 0.019176 0.41424 0.39584 0.39584 0.41424
116.9 0.019144 0.02274 0.02274 0.019144 0.41057 0.39242 0.39242 0.41057
117 0.019113 0.022703 0.022703 0.019113 0.40693 0.38903 0.38903 0.40693
117.1 0.019082 0.022666 0.022666 0.019082 0.40332 0.38567 0.38567 0.40332
117.2 0.019051 0.02263 0.02263 0.019051 0.39974 0.38234 0.38234 0.39974
117.3 0.01902 0.022593 0.022593 0.01902 0.39619 0.37903 0.37903 0.39619
117.4 0.018989 0.022556 0.022556 0.018989 0.39267 0.37575 0.37575 0.39267
117.5 0.018958 0.02252 0.02252 0.018958 0.38917 0.37249 0.37249 0.38917
117.6 0.018928 0.022483 0.022483 0.018928 0.38571 0.36926 0.36926 0.38571
117.7 0.018897 0.022447 0.022447 0.018897 0.38227 0.36606 0.36606 0.38227
117.8 0.018867 0.022411 0.022411 0.018867 0.37886 0.36288 0.36288 0.37886
117.9 0.018836 0.022375 0.022375 0.018836 0.37548 0.35973 0.35973 0.37548
118 0.018806 0.022338 0.022338 0.018806 0.37213 0.3566 0.3566 0.37213
118.1 0.018775 0.022303 0.022303 0.018775 0.3688 0.3535 0.3535 0.3688
118.2 0.018745 0.022267 0.022267 0.018745 0.36551 0.35042 0.35042 0.36551
118.3 0.018715 0.022231 0.022231 0.018715 0.36224 0.34737 0.34737 0.36224
118.4 0.018685 0.022195 0.022195 0.018685 0.35899 0.34434 0.34434 0.35899
118.5 0.018655 0.02216 0.02216 0.018655 0.35577 0.34133 0.34133 0.35577
118.6 0.018625 0.022124 0.022124 0.018625 0.35258 0.33835 0.33835 0.35258
118.7 0.018596 0.022089 0.022089 0.018596 0.34942 0.3354 0.3354 0.34942
118.8 0.018566 0.022054 0.022054 0.018566 0.34628 0.33247 0.33247 0.34628
118.9 0.018536 0.022018 0.022018 0.018536 0.34317 0.32956 0.32956 0.34317
119 0.018507 0.021983 0.021983 0.018507 0.34008 0.32667 0.32667 0.34008
119.1 0.018477 0.021948 0.021948 0.018477 0.33702 0.32381 0.32381 0.33702
119.2 0.018448 0.021914 0.021914 0.018448 0.33399 0.32098 0.32098 0.33399
119.3 0.018418 0.021879 0.021879 0.018418 0.33098 0.31816 0.31816 0.33098
119.4 0.018389 0.021844 0.021844 0.018389 0.328 0.31537 0.31537 0.328
119.5 0.01836 0.021809 0.021809 0.01836 0.32504 0.3126 0.3126 0.32504
119.6 0.018331 0.021775 0.021775 0.018331 0.3221 0.30985 0.30985 0.3221
119.7 0.018302 0.021741 0.021741 0.018302 0.31919 0.30713 0.30713 0.31919
119.8 0.018273 0.021706 0.021706 0.018273 0.31631 0.30443 0.30443 0.31631
119.9 0.018244 0.021672 0.021672 0.018244 0.31344 0.30175 0.30175 0.31344
120 0.018216 0.021638 0.021638 0.018216 0.31061 0.29909 0.29909 0.31061
120.1 0.018187 0.021604 0.021604 0.018187 0.30779 0.29645 0.29645 0.30779
120.2 0.018158 0.02157 0.02157 0.018158 0.305 0.29384 0.29384 0.305
120.3 0.01813 0.021536 0.021536 0.01813 0.30224 0.29124 0.29124 0.30224
120.4 0.018101 0.021502 0.021502 0.018101 0.29949 0.28867 0.28867 0.29949
120.5 0.018073 0.021469 0.021469 0.018073 0.29677 0.28612 0.28612 0.29677
120.6 0.018045 0.021435 0.021435 0.018045 0.29408 0.28359 0.28359 0.29408
120.7 0.018017 0.021402 0.021402 0.018017 0.2914 0.28108 0.28108 0.2914
120.8 0.017989 0.021368 0.021368 0.017989 0.28875 0.27859 0.27859 0.28875
120.9 0.017961 0.021335 0.021335 0.017961 0.28612 0.27613 0.27613 0.28612
121 0.017933 0.021302 0.021302 0.017933 0.28351 0.27368 0.27368 0.28351
121.1 0.017905 0.021269 0.021269 0.017905 0.28093 0.27125 0.27125 0.28093
121.2 0.017877 0.021236 0.021236 0.017877 0.27837 0.26885 0.26885 0.27837
121.3 0.017849 0.021203 0.021203 0.017849 0.27583 0.26646 0.26646 0.27583
121.4 0.017822 0.02117 0.02117 0.017822 0.27331 0.26409 0.26409 0.27331
121.5 0.017794 0.021138 0.021138 0.017794 0.27081 0.26174 0.26174 0.27081
121.6 0.017767 0.021105 0.021105 0.017767 0.26833 0.25942 0.25942 0.26833
121.7 0.017739 0.021072 0.021072 0.017739 0.26588 0.25711 0.25711 0.26588
121.8 0.017712 0.02104 0.02104 0.017712 0.26344 0.25482 0.25482 0.26344
121.9 0.017685 0.021008 0.021008 0.017685 0.26103 0.25255 0.25255 0.26103
122 0.017657 0.020975 0.020975 0.017657 0.25864 0.2503 0.2503 0.25864
122.1 0.01763 0.020943 0.020943 0.01763 0.25626 0.24806 0.24806 0.25626
122.2 0.017603 0.020911 0.020911 0.017603 0.25391 0.24585 0.24585 0.25391
122.3 0.017576 0.020879 0.020879 0.017576 0.25158 0.24365 0.24365 0.25158
122.4 0.017549 0.020847 0.020847 0.017549 0.24927 0.24148 0.24148 0.24927
122.5 0.017523 0.020815 0.020815 0.017523 0.24698 0.23932 0.23932 0.24698
122.6 0.017496 0.020784 0.020784 0.017496 0.24471 0.23718 0.23718 0.24471
122.7 0.017469 0.020752 0.020752 0.017469 0.24245 0.23505 0.23505 0.24245
122.8 0.017443 0.02072 0.02072 0.017443 0.24022 0.23295 0.23295 0.24022
122.9 0.017416 0.020689 0.020689 0.017416 0.23801 0.23086 0.23086 0.23801
123 0.01739 0.020658 0.020658 0.01739 0.23581 0.22879 0.22879 0.23581
123.1 0.017363 0.020626 0.020626 0.017363 0.23364 0.22674 0.22674 0.23364
123.2 0.017337 0.020595 0.020595 0.017337 0.23148 0.22471 0.22471 0.23148
123.3 0.017311 0.020564 0.020564 0.017311 0.22934 0.22269 0.22269 0.22934
123.4 0.017285 0.020533 0.020533 0.017285 0.22722 0.22069 0.22069 0.22722
123.5 0.017259 0.020502 0.020502 0.017259 0.22512 0.2187 0.2187 0.22512
123.6 0.017233 0.020471 0.020471 0.017233 0.22304 0.21674 0.21674 0.22304
123.7 0.017207 0.020441 0.020441 0.017207 0.22098 0.21479 0.21479 0.22098
123.8 0.017181 0.02041 0.02041 0.017181 0.21893 0.21285 0.21285 0.21893
123.9 0.017155 0.020379 0.020379 0.017155 0.2169 0.21094 0.21094 0.2169
124 0.01713 0.020349 0.020349 0.01713 0.21489 0.20903 0.20903 0.21489
124.1 0.017104 0.020318 0.020318 0.017104 0.2129 0.20715 0.20715 0.2129
124.2 0.017078 0.020288 0.020288 0.017078 0.21092 0.20528 0.20528 0.21092
124.3 0.017053 0.020258 0.020258 0.017053 0.20896 0.20343 0.20343 0.20896
124.4 0.017028 0.020228 0.020228 0.017028 0.20702 0.20159 0.20159 0.20702
124.5 0.017002 0.020198 0.020198 0.017002 0.2051 0.19977 0.19977 0.2051
124.6 0.016977 0.020168 0.020168 0.016977 0.20319 0.19796 0.19796 0.20319
124.7 0.016952 0.020138 0.020138 0.016952 0.2013 0.19617 0.19617 0.2013
124.8 0.016927 0.020108 0.020108 0.016927 0.19943 0.1944 0.1944 0.19943
124.9 0.016902 0.020078 0.020078 0.016902 0.19757 0.19264 0.19264 0.19757
125 0.016877 0.020049 0.020049 0.016877 0.19573 0.19089 0.19089 0.19573
125.1 0.016852 0.020019 0.020019 0.016852 0.1939 0.18916 0.18916 0.1939
125.2 0.016827 0.01999 0.01999 0.016827 0.1921 0.18745 0.18745 0.1921
125.3 0.016802 0.01996 0.01996 0.016802 0.1903 0.18575 0.18575 0.1903
125.4 0.016778 0.019931 0.019931 0.016778 0.18853 0.18406 0.18406 0.18853
125.5 0.016753 0.019902 0.019902 0.016753 0.18676 0.18239 0.18239 0.18676
125.6 0.016728 0.019873 0.019873 0.016728 0.18502 0.18073 0.18073 0.18502
125.7 0.016704 0.019844 0.019844 0.016704 0.18329 0.17909 0.17909 0.18329
125.8 0.01668 0.019815 0.019815 0.01668 0.18157 0.17746 0.17746 0.18157
125.9 0.016655 0.019786 0.019786 0.016655 0.17987 0.17585 0.17585 0.17987
126 0.016631 0.019757 0.019757 0.016631 0.17819 0.17425 0.17425 0.17819
126.1 0.016607 0.019728 0.019728 0.016607 0.17652 0.17266 0.17266 0.17652
126.2 0.016583 0.0197 0.0197 0.016583 0.17487 0.17109 0.17109 0.17487
126.3 0.016559 0.019671 0.019671 0.016559 0.17323 0.16953 0.16953 0.17323
126.4 0.016535 0.019643 0.019643 0.016535 0.1716 0.16798 0.16798 0.1716
126.5 0.016511 0.019614 0.019614 0.016511 0.16999 0.16645 0.16645 0.16999
126.6 0.016487 0.019586 0.019586 0.016487 0.16839 0.16493 0.16493 0.16839
126.7 0.016463 0.019558 0.019558 0.016463 0.16681 0.16342 0.16342 0.16681
126.8 0.016439 0.01953 0.01953 0.016439 0.16524 0.16193 0.16193 0.16524
126.9 0.016416 0.019502 0.019502 0.016416 0.16369 0.16045 0.16045 0.16369
127 0.016392 0.019474 0.019474 0.016392 0.16215 0.15899 0.15899 0.16215
127.1 0.016369 0.019446 0.019446 0.016369 0.16062 0.15753 0.15753 0.16062
127.2 0.016345 0.019418 0.019418 0.016345 0.15911 0.15609 0.15609 0.15911
127.3 0.016322 0.01939 0.01939 0.016322 0.15761 0.15466 0.15466 0.15761
127.4 0.016299 0.019363 0.019363 0.016299 0.15613 0.15324 0.15324 0.15613
127.5 0.016276 0.019335 0.019335 0.016276 0.15465 0.15184 0.15184 0.15465
127.6 0.016252 0.019308 0.019308 0.016252 0.1532 0.15045 0.15045 0.1532
127.7 0.016229 0.01928 0.01928 0.016229 0.15175 0.14907 0.14907 0.15175
127.8 0.016206 0.019253 0.019253 0.016206 0.15032 0.1477 0.1477 0.15032
127.9 0.016183 0.019226 0.019226 0.016183 0.1489 0.14634 0.14634 0.1489
128 0.01616 0.019199 0.019199 0.01616 0.14749 0.145 0.145 0.14749
128.1 0.016138 0.019171 0.019171 0.016138 0.1461 0.14367 0.14367 0.1461
128.2 0.016115 0.019144 0.019144 0.016115 0.14471 0.14235 0.14235 0.14471
128.3 0.016092 0.019118 0.019118 0.016092 0.14334 0.14104 0.14104 0.14334
128.4 0.01607 0.019091 0.019091 0.01607 0.14199 0.13974 0.13974 0.14199
128.5 0.016047 0.019064 0.019064 0.016047 0.14064 0.13846 0.13846 0.14064
128.6 0.016025 0.019037 0.019037 0.016025 0.13931 0.13718 0.13718 0.13931
128.7 0.016002 0.019011 0.019011 0.016002 0.13799 0.13592 0.13592 0.13799
128.8 0.01598 0.018984 0.018984 0.01598 0.13668 0.13467 0.13467 0.13668
128.9 0.015958 0.018958 0.018958 0.015958 0.13539 0.13342 0.13342 0.13539
129 0.015935 0.018931 0.018931 0.015935 0.1341 0.13219 0.13219 0.1341
129.1 0.015913 0.018905 0.018905 0.015913 0.13283 0.13097 0.13097 0.13283
129.2 0.015891 0.018879 0.018879 0.015891 0.13157 0.12977 0.12977 0.13157
129.3 0.015869 0.018853 0.018853 0.015869 0.13032 0.12857 0.12857 0.13032
129.4 0.015847 0.018827 0.018827 0.015847 0.12908 0.12738 0.12738 0.12908
129.5 0.015825 0.018801 0.018801 0.015825 0.12785 0.1262 0.1262 0.12785
129.6 0.015803 0.018775 0.018775 0.015803 0.12663 0.12504 0.12504 0.12663
129.7 0.015782 0.018749 0.018749 0.015782 0.12543 0.12388 0.12388 0.12543
129.8 0.01576 0.018723 0.018723 0.01576 0.12424 0.12273 0.12273 0.12424
129.9 0.015738 0.018698 0.018698 0.015738 0.12305 0.1216 0.1216 0.12305
130 0.015717 0.018672 0.018672 0.015717 0.12188 0.12047 0.12047 0.12188
130.1 0.015695 0.018647 0.018647 0.015695 0.12072 0.11936 0.11936 0.12072
130.2 0.015674 0.018621 0.018621 0.015674 0.11957 0.11825 0.11825 0.11957
130.3 0.015653 0.018596 0.018596 0.015653 0.11843 0.11716 0.11716 0.11843
130.4 0.015631 0.01857 0.01857 0.015631 0.1173 0.11607 0.11607 0.1173
130.5 0.01561 0.018545 0.018545 0.01561 0.11618 0.11499 0.11499 0.11618
130.6 0.015589 0.01852 0.01852 0.015589 0.11507 0.11393 0.11393 0.11507
130.7 0.015568 0.018495 0.018495 0.015568 0.11397 0.11287 0.11287 0.11397
130.8 0.015547 0.01847 0.01847 0.015547 0.11288 0.11182 0.11182 0.11288
130.9 0.015526 0.018445 0.018445 0.015526 0.1118 0.11078 0.11078 0.1118
131 0.015505 0.01842 0.01842 0.015505 0.11073 0.10975 0.10975 0.11073
131.1 0.015484 0.018396 0.018396 0.015484 0.10967 0.10873 0.10873 0.10967
131.2 0.015463 0.018371 0.018371 0.015463 0.10862 0.10772 0.10772 0.10862
131.3 0.015442 0.018346 0.018346 0.015442 0.10758 0.10672 0.10672 0.10758
131.4 0.015422 0.018322 0.018322 0.015422 0.10655 0.10573 0.10573 0.10655
131.5 0.015401 0.018297 0.018297 0.015401 0.10553 0.10474 0.10474 0.10553
131.6 0.015381 0.018273 0.018273 0.015381 0.10452 0.10377 0.10377 0.10452
131.7 0.01536 0.018249 0.018249 0.01536 0.10352 0.1028 0.1028 0.10352
131.8 0.01534 0.018224 0.018224 0.01534 0.10253 0.10184 0.10184 0.10253
131.9 0.015319 0.0182 0.0182 0.015319 0.10154 0.10089 0.10089 0.10154
132 0.015299 0.018176 0.018176 0.015299 0.10057 0.099953 0.099953 0.10057
132.1 0.015279 0.018152 0.018152 0.015279 0.099604 0.099021 0.099021 0.099604
132.2 0.015259 0.018128 0.018128 0.015259 0.098647 0.098097 0.098097 0.098647
132.3 0.015239 0.018104 0.018104 0.015239 0.0977 0.097181 0.097181 0.0977
132.4 0.015219 0.018081 0.018081 0.015219 0.096761 0.096274 0.096274 0.096761
132.5 0.015199 0.018057 0.018057 0.015199 0.095831 0.095375 0.095375 0.095831
132.6 0.015179 0.018033 0.018033 0.015179 0.09491 0.094484 0.094484 0.09491
132.7 0.015159 0.01801 0.01801 0.015159 0.093997 0.093601 0.093601 0.093997
132.8 0.015139 0.017986 0.017986 0.015139 0.093092 0.092726 0.092726 0.093092
132.9 0.015119 0.017963 0.017963 0.015119 0.092197 0.091858 0.091858 0.092197
133 0.0151 0.017939 0.017939 0.0151 0.091309 0.090999 0.090999 0.091309
133.1 0.01508 0.017916 0.017916 0.01508 0.09043 0.090147 0.090147 0.09043
133.2 0.01506 0.017893 0.017893 0.01506 0.089558 0.089304 0.089304 0.089558
133.3 0.015041 0.01787 0.01787 0.015041 0.088695 0.088467 0.088467 0.088695
133.4 0.015022 0.017847 0.017847 0.015022 0.08784 0.087639 0.087639 0.08784
133.5 0.015002 0.017824 0.017824 0.015002 0.086993 0.086817 0.086817 0.086993
133.6 0.014983 0.017801 0.017801 0.014983 0.086154 0.086004 0.086004 0.086154
133.7 0.014964 0.017778 0.017778 0.014964 0.085323 0.085197 0.085197 0.085323
133.8 0.014944 0.017755 0.017755 0.014944 0.084499 0.084398 0.084398 0.084499
133.9 0.014925 0.017733 0.017733 0.014925 0.083684 0.083607 0.083607 0.083684
134 0.014906 0.01771 0.01771 0.014906 0.082875 0.082822 0.082822 0.082875
134.1 0.014887 0.017687 0.017687 0.014887 0.082075 0.082045 0.082045 0.082075
134.2 0.014868 0.017665 0.017665 0.014868 0.081282 0.081274 0.081274 0.081282
134.3 0.014849 0.017642 0.017642 0.014849 0.080496 0.080511 0.080511 0.080496
134.4 0.014831 0.01762 0.01762 0.014831 0.079718 0.079754 0.079754 0.079718
134.5 0.014812 0.017598 0.017598 0.014812 0.078947 0.079005 0.079005 0.078947
134.6 0.014793 0.017576 0.017576 0.014793 0.078183 0.078262 0.078262 0.078183
134.7 0.014774 0.017553 0.017553 0.014774 0.077426 0.077526 0.077526 0.077426
134.8 0.014756 0.017531 0.017531 0.014756 0.076677 0.076797 0.076797 0.076677
134.9 0.014737 0.017509 0.017509 0.014737 0.075934 0.076074 0.076074 0.075934
135 0.014719 0.017487 0.017487 0.014719 0.075199 0.075358 0.075358 0.075199
135.1 0.0147 0.017466 0.017466 0.0147 0.07447 0.074649 0.074649 0.07447
135.2 0.014682 0.017444 0.017444 0.014682 0.073749 0.073946 0.073946 0.073749
135.3 0.014664 0.017422 0.017422 0.014664 0.073034 0.073249 0.073249 0.073034
135.4 0.014646 0.0174 0.0174 0.014646 0.072326 0.072559 0.072559 0.072326
135.5 0.014627 0.017379 0.017379 0.014627 0.071624 0.071875 0.071875 0.071624
135.6 0.014609 0.017357 0.017357 0.014609 0.070929 0.071197 0.071197 0.070929
135.7 0.014591 0.017336 0.017336 0.014591 0.070241 0.070526 0.070526 0.070241
135.8 0.014573 0.017315 0.017315 0.014573 0.069559 0.069861 0.069861 0.069559
135.9 0.014555 0.017293 0.017293 0.014555 0.068884 0.069201 0.069201 0.068884
136 0.014537 0.017272 0.017272 0.014537 0.068215 0.068548 0.068548 0.068215
136.1 0.01452 0.017251 0.017251 0.01452 0.067552 0.067901 0.067901 0.067552
136.2 0.014502 0.01723 0.01723 0.014502 0.066896 0.06726 0.06726 0.066896
136.3 0.014484 0.017209 0.017209 0.014484 0.066245 0.066625 0.066625 0.066245
136.4 0.014466 0.017188 0.017188 0.014466 0.065601 0.065995 0.065995 0.065601
136.5 0.014449 0.017167 0.017167 0.014449 0.064963 0.065371 0.065371 0.064963
136.6 0.014431 0.017146 0.017146 0.014431 0.064332 0.064753 0.064753 0.064332
136.7 0.014414 0.017125 0.017125 0.014414 0.063706 0.064141 0.064141 0.063706
136.8 0.014396 0.017105 0.017105 0.014396 0.063086 0.063534 0.063534 0.063086
136.9 0.014379 0.017084 0.017084 0.014379 0.062472 0.062933 0.062933 0.062472
137 0.014362 0.017063 0.017063 0.014362 0.061863 0.062338 0.062338 0.061863
137.1 0.014344 0.017043 0.017043 0.014344 0.061261 0.061748 0.061748 0.061261
137.2 0.014327 0.017023 0.017023 0.014327 0.060664 0.061163 0.061163 0.060664
137.3 0.01431 0.017002 0.017002 0.01431 0.060073 0.060584 0.060584 0.060073
137.4 0.014293 0.016982 0.016982 0.014293 0.059487 0.06001 0.06001 0.059487
137.5 0.014276 0.016962 0.016962 0.014276 0.058907 0.059442 0.059442 0.058907
