0 3.6594e-05 3.2727e-05 3.0622e-05 3.2727e-05 70 70 70 70
0.1 3.6606e-05 3.2738e-05 3.0634e-05 3.2738e-05 70 70 70 70
0.2 3.6644e-05 3.2774e-05 3.0668e-05 3.2774e-05 70 70 70 70
0.3 3.6706e-05 3.2832e-05 3.0726e-05 3.2832e-05 70 70 70 70
0.4 3.6794e-05 3.2914e-05 3.0807e-05 3.2914e-05 70 70 70 70
0.5 3.6906e-05 3.302e-05 3.0911e-05 3.302e-05 70 70 70 70
0.6 3.7044e-05 3.315e-05 3.1038e-05 3.315e-05 70 70 70 70
0.7 3.7207e-05 3.3304e-05 3.1189e-05 3.3304e-05 70 70 70 70
0.8 3.7396e-05 3.3481e-05 3.1363e-05 3.3481e-05 70 70 70 70
0.9 3.7611e-05 3.3683e-05 3.1562e-05 3.3683e-05 70 70 70 70
1 3.7851e-05 3.391e-05 3.1784e-05 3.391e-05 70 70 70 70
1.1 3.8118e-05 3.4161e-05 3.2031e-05 3.4161e-05 70 70 70 70
1.2 3.8412e-05 3.4437e-05 3.2302e-05 3.4437e-05 70 70 70 70
1.3 3.8732e-05 3.4738e-05 3.2598e-05 3.4738e-05 70 70 70 70
1.4 3.9079e-05 3.5065e-05 3.292e-05 3.5065e-05 70 70 70 70
1.5 3.9454e-05 3.5418e-05 3.3267e-05 3.5418e-05 70 70 70 70
1.6 3.9856e-05 3.5797e-05 3.364e-05 3.5797e-05 70 70 70 70
1.7 4.0287e-05 3.6203e-05 3.404e-05 3.6203e-05 70 70 70 70
1.8 4.0747e-05 3.6637e-05 3.4466e-05 3.6637e-05 70 70 70 70
1.9 4.1236e-05 3.7098e-05 3.492e-05 3.7098e-05 70 70 70 70
2 4.1754e-05 3.7587e-05 3.5402e-05 3.7587e-05 70 70 70 70
2.1 4.2303e-05 3.8105e-05 3.5912e-05 3.8105e-05 70 70 70 70
2.2 4.2882e-05 3.8652e-05 3.6451e-05 3.8652e-05 70 70 70 70
2.3 4.3493e-05 3.9228e-05 3.702e-05 3.9228e-05 70 70 70 70
2.4 4.4136e-05 3.9836e-05 3.7619e-05 3.9836e-05 70 70 70 70
2.5 4.4812e-05 4.0474e-05 3.8249e-05 4.0474e-05 70 70 70 70
2.6 4.5521e-05 4.1145e-05 3.891e-05 4.1145e-05 70 70 70 70
2.7 4.6264e-05 4.1848e-05 3.9604e-05 4.1848e-05 70 70 70 70
2.8 4.7042e-05 4.2584e-05 4.0332e-05 4.2584e-05 70 70 70 70
2.9 4.7856e-05 4.3354e-05 4.1093e-05 4.3354e-05 70 70 70 70
3 4.8706e-05 4.4159e-05 4.1889e-05 4.4159e-05 70 70 70 70
3.1 4.9594e-05 4.5001e-05 4.2721e-05 4.5001e-05 70 70 70 70
3.2 5.052e-05 4.5878e-05 4.359e-05 4.5878e-05 70 70 70 70
3.3 5.1486e-05 4.6794e-05 4.4497e-05 4.6794e-05 70 70 70 70
3.4 5.2491e-05 4.7748e-05 4.5443e-05 4.7748e-05 70 70 70 70
3.5 5.3538e-05 4.8743e-05 4.6428e-05 4.8743e-05 70 70 70 70
3.6 5.4628e-05 4.9778e-05 4.7455e-05 4.9778e-05 70 70 70 70
3.7 5.5761e-05 5.0855e-05 4.8523e-05 5.0855e-05 70 70 70 70
3.8 5.6939e-05 5.1975e-05 4.9636e-05 5.1975e-05 70 70 70 70
3.9 5.8163e-05 5.3139e-05 5.0793e-05 5.3139e-05 70 70 70 70
4 5.9434e-05 5.435e-05 5.1996e-05 5.435e-05 70 70 70 70
4.1 6.0754e-05 5.5607e-05 5.3246e-05 5.5607e-05 70 70 70 70
4.2 6.2124e-05 5.6913e-05 5.4546e-05 5.6913e-05 70 70 70 70
4.3 6.3545e-05 5.8269e-05 5.5896e-05 5.8269e-05 70 70 70 70
4.4 6.5019e-05 5.9676e-05 5.7298e-05 5.9676e-05 70 70 70 70
4.5 6.6548e-05 6.1136e-05 5.8754e-05 6.1136e-05 70 70 70 70
4.6 6.8133e-05 6.265e-05 6.0265e-05 6.265e-05 70 70 70 70
4.7 6.9776e-05 6.4221e-05 6.1833e-05 6.4221e-05 70 70 70 70
4.8 7.1478e-05 6.585e-05 6.346e-05 6.585e-05 70 70 70 70
4.9 7.3241e-05 6.7538e-05 6.5149e-05 6.7538e-05 70 70 70 70
5 7.5068e-05 6.9289e-05 6.69e-05 6.9289e-05 70 70 70 70
5.1 7.696e-05 7.1103e-05 6.8715e-05 7.1103e-05 70 70 70 70
5.2 7.8919e-05 7.2982e-05 7.0598e-05 7.2982e-05 70 70 70 70
5.3 8.0947e-05 7.493e-05 7.2551e-05 7.493e-05 70 70 70 70
5.4 8.3047e-05 7.6947e-05 7.4574e-05 7.6947e-05 70 70 70 70
5.5 8.522e-05 7.9037e-05 7.6672e-05 7.9037e-05 70 70 70 70
5.6 8.747e-05 8.1201e-05 7.8846e-05 8.1201e-05 70 70 70 70
5.7 8.9797e-05 8.3442e-05 8.1099e-05 8.3442e-05 70 70 70 70
5.8 9.2206e-05 8.5763e-05 8.3434e-05 8.5763e-05 70 70 70 70
5.9 9.4698e-05 8.8166e-05 8.5854e-05 8.8166e-05 70 70 70 70
6 9.7276e-05 9.0654e-05 8.836e-05 9.0654e-05 70 70 70 70
6.1 9.9943e-05 9.323e-05 9.0957e-05 9.323e-05 70 70 70 70
6.2 0.0001027 9.5896e-05 9.3648e-05 9.5896e-05 70 70 70 70
6.3 0.00010556 9.8656e-05 9.6435e-05 9.8656e-05 70 70 70 70
6.4 0.00010851 0.00010151 9.9321e-05 0.00010151 70 70 70 70
6.5 0.00011156 0.00010447 0.00010231 0.00010447 70 70 70 70
6.6 0.00011472 0.00010753 0.00010541 0.00010753 70 70 70 70
6.7 0.00011798 0.0001107 0.00010862 0.0001107 70 70 70 70
6.8 0.00012136 0.00011398 0.00011194 0.00011398 70 70 70 70
6.9 0.00012485 0.00011737 0.00011538 0.00011737 70 70 70 70
7 0.00012846 0.00012088 0.00011895 0.00012088 70 70 70 70
7.1 0.00013219 0.00012451 0.00012264 0.00012451 70 70 70 70
7.2 0.00013605 0.00012827 0.00012646 0.00012827 70 70 70 70
7.3 0.00014004 0.00013216 0.00013042 0.00013216 70 70 70 70
7.4 0.00014416 0.00013618 0.00013452 0.00013618 70 70 70 70
7.5 0.00014842 0.00014035 0.00013876 0.00014035 70 70 70 70
7.6 0.00015283 0.00014466 0.00014316 0.00014466 70 70 70 70
7.7 0.00015739 0.00014912 0.00014771 0.00014912 70 70 70 70
7.8 0.00016211 0.00015373 0.00015242 0.00015373 70 70 70 70
7.9 0.00016698 0.0001585 0.00015731 0.0001585 70 70 70 70
8 0.00017202 0.00016344 0.00016236 0.00016344 70 70 70 70
8.1 0.00017722 0.00016855 0.0001676 0.00016855 70 70 70 70
8.2 0.00018261 0.00017384 0.00017302 0.00017384 70 70 70 70
8.3 0.00018817 0.00017931 0.00017863 0.00017931 70 70 70 70
8.4 0.00019393 0.00018497 0.00018445 0.00018497 70 70 70 70
8.5 0.00019988 0.00019083 0.00019047 0.00019083 70 70 70 70
8.6 0.00020603 0.00019689 0.00019671 0.00019689 70 70 70 70
8.7 0.00021239 0.00020317 0.00020316 0.00020317 70 70 70 70
8.8 0.00021896 0.00020966 0.00020985 0.00020966 70 70 70 70
8.9 0.00022576 0.00021637 0.00021678 0.00021637 70 70 70 70
9 0.00023278 0.00022332 0.00022395 0.00022332 70 70 70 70
9.1 0.00024005 0.00023051 0.00023138 0.00023051 70 70 70 70
9.2 0.00024756 0.00023795 0.00023907 0.00023795 70 70 70 70
9.3 0.00025532 0.00024565 0.00024704 0.00024565 70 70 70 70
9.4 0.00026335 0.00025361 0.00025529 0.00025361 70 70 70 70
9.5 0.00027165 0.00026186 0.00026383 0.00026186 70 70 70 70
9.6 0.00028023 0.00027039 0.00027268 0.00027039 70 70 70 70
9.7 0.0002891 0.00027922 0.00028185 0.00027922 70 70 70 70
9.8 0.00029828 0.00028835 0.00029134 0.00028835 70 70 70 70
9.9 0.00030776 0.00029781 0.00030118 0.00029781 70 70 70 70
10 0.00031757 0.00030759 0.00031136 0.00030759 70 70 70 70
10.1 0.00032771 0.00031771 0.00032191 0.00031771 70 70 70 70
10.2 0.00033819 0.00032819 0.00033284 0.00032819 70 70 70 70
10.3 0.00034904 0.00033904 0.00034416 0.00033904 70 70 70 70
10.4 0.00036025 0.00035026 0.00035588 0.00035026 70 70 70 70
10.5 0.00037184 0.00036187 0.00036803 0.00036187 70 70 70 70
10.6 0.00038382 0.00037389 0.00038061 0.00037389 70 70 70 70
10.7 0.00039622 0.00038634 0.00039364 0.00038634 70 70 70 70
10.8 0.00040903 0.00039921 0.00040714 0.00039921 70 70 70 70
10.9 0.00042229 0.00041254 0.00042113 0.00041254 70 70 70 70
11 0.00043599 0.00042633 0.00043561 0.00042633 70 70 70 70
11.1 0.00045017 0.00044061 0.00045062 0.00044061 70 70 70 70
11.2 0.00046482 0.00045539 0.00046617 0.00045539 70 70 70 70
11.3 0.00047998 0.00047069 0.00048228 0.00047069 70 70 70 70
11.4 0.00049566 0.00048652 0.00049896 0.00048652 70 70 70 70
11.5 0.00051187 0.00050291 0.00051625 0.00050291 70 70 70 70
11.6 0.00052863 0.00051987 0.00053416 0.00051987 70 70 70 70
11.7 0.00054597 0.00053743 0.00055272 0.00053743 70 70 70 70
11.8 0.0005639 0.00055561 0.00057195 0.00055561 70 70 70 70
11.9 0.00058245 0.00057443 0.00059187 0.00057443 70 70 70 70
12 0.00060163 0.00059391 0.00061251 0.00059391 70 70 70 70
12.1 0.00062147 0.00061408 0.0006339 0.00061408 70 70 70 70
12.2 0.00064199 0.00063495 0.00065605 0.00063495 70 70 70 70
12.3 0.00066321 0.00065657 0.00067902 0.00065657 70 70 70 70
12.4 0.00068517 0.00067894 0.00070281 0.00067894 70 70 70 70
12.5 0.00070787 0.00070211 0.00072746 0.00070211 70 70 70 70
12.6 0.00073136 0.00072609 0.00075301 0.00072609 70 70 70 70
12.7 0.00075565 0.00075092 0.00077948 0.00075092 70 70 70 70
12.8 0.00078078 0.00077662 0.00080691 0.00077662 70 70 70 70
12.9 0.00080678 0.00080324 0.00083534 0.00080324 70 70 70 70
13 0.00083367 0.00083079 0.00086479 0.00083079 70 70 70 70
13.1 0.00086148 0.00085932 0.00089532 0.00085932 70 70 70 70
13.2 0.00089025 0.00088886 0.00092696 0.00088886 70 70 70 70
13.3 0.00092002 0.00091945 0.00095974 0.00091945 70 70 70 70
13.4 0.00095081 0.00095112 0.00099372 0.00095112 70 70 70 70
13.5 0.00098266 0.00098391 0.0010289 0.00098391 70 70 70 70
13.6 0.0010156 0.0010179 0.0010654 0.0010179 70 70 70 70
13.7 0.0010497 0.001053 0.0011033 0.001053 70 70 70 70
13.8 0.001085 0.0010894 0.0011425 0.0010894 70 70 70 70
13.9 0.0011215 0.0011271 0.0011831 0.0011271 70 70 70 70
14 0.0011592 0.0011662 0.0012252 0.0011662 70 70 70 70
14.1 0.0011983 0.0012066 0.0012688 0.0012066 70 70 70 70
14.2 0.0012387 0.0012485 0.0013141 0.0012485 70 70 70 70
14.3 0.0012805 0.0012918 0.001361 0.0012918 70 70 70 70
14.4 0.0013237 0.0013367 0.0014096 0.0013367 70 70 70 70
14.5 0.0013685 0.0013832 0.00146 0.0013832 70 70 70 70
14.6 0.0014148 0.0014314 0.0015122 0.0014314 70 70 70 70
14.7 0.0014627 0.0014812 0.0015663 0.0014812 70 70 70 70
14.8 0.0015123 0.0015329 0.0016224 0.0015329 70 70 70 70
14.9 0.0015636 0.0015864 0.0016806 0.0015864 70 70 70 70
15 0.0016166 0.0016418 0.0017409 0.0016418 70 70 70 70
15.1 0.0016716 0.0016991 0.0018034 0.0016991 70 70 70 70
15.2 0.0017284 0.0017585 0.0018681 0.0017585 70 70 70 70
15.3 0.0017872 0.0018201 0.0019353 0.0018201 70 70 70 70
15.4 0.001848 0.0018838 0.0020049 0.0018838 70 70 70 70
15.5 0.001911 0.0019498 0.0020771 0.0019498 70 70 70 70
15.6 0.0019762 0.0020182 0.0021519 0.0020182 70 70 70 70
15.7 0.0020436 0.002089 0.0022295 0.002089 70 70 70 70
15.8 0.0021134 0.0021624 0.0023099 0.0021624 70 70 70 70
15.9 0.0021856 0.0022384 0.0023933 0.0022384 70 70 70 70
16 0.0022603 0.0023171 0.0024798 0.0023171 70 70 70 70
16.1 0.0023376 0.0023986 0.0025694 0.0023986 70 70 70 70
16.2 0.0024176 0.0024831 0.0026623 0.0024831 70 70 70 70
16.3 0.0025005 0.0025706 0.0027586 0.0025706 70 70 70 70
16.4 0.0025862 0.0026612 0.0028585 0.0026612 70 70 70 70
16.5 0.0026749 0.002755 0.0029621 0.002755 70 70 70 70
16.6 0.0027667 0.0028523 0.0030695 0.0028523 70 70 70 70
16.7 0.0028617 0.002953 0.0031808 0.002953 70 70 70 70
16.8 0.00296 0.0030573 0.0032962 0.0030573 70 70 70 70
16.9 0.0030618 0.0031654 0.0034159 0.0031654 70 70 70 70
17 0.0031671 0.0032774 0.00354 0.0032774 70 70 70 70
17.1 0.0032762 0.0033934 0.0036687 0.0033934 70 70 70 70
17.2 0.003389 0.0035136 0.0038021 0.0035136 70 70 70 70
17.3 0.0035058 0.0036381 0.0039405 0.0036381 70 70 70 70
17.4 0.0036267 0.0037671 0.004084 0.0037671 70 70 70 70
17.5 0.0037518 0.0039007 0.0042327 0.0039007 70 70 70 70
17.6 0.0038813 0.0040392 0.004387 0.0040392 70 70 70 70
17.7 0.0040153 0.0041826 0.004547 0.0041826 70 70 70 70
17.8 0.0041541 0.0043312 0.0047128 0.0043312 70 70 70 70
17.9 0.0042977 0.0044851 0.0048849 0.0044851 70 70 70 70
18 0.0044464 0.0046446 0.0050632 0.0046446 70 70 70 70
18.1 0.0046003 0.0048099 0.0052482 0.0048099 70 70 70 70
18.2 0.0047596 0.0049811 0.0054401 0.0049811 70 70 70 70
18.3 0.0049244 0.0051585 0.005639 0.0051585 70 70 70 70
18.4 0.0050951 0.0053423 0.0058453 0.0053423 70 70 70 70
18.5 0.0052718 0.0055328 0.0060593 0.0055328 70 70 70 70
18.6 0.0054547 0.0057301 0.0062812 0.0057301 70 70 70 70
18.7 0.005644 0.0059346 0.0065113 0.0059346 70 70 70 70
18.8 0.00584 0.0061464 0.00675 0.0061464 70 70 70 70
18.9 0.0060429 0.0063659 0.0069975 0.0063659 70 70 70 70
19 0.006253 0.0065934 0.0072542 0.0065934 70 70 70 70
19.1 0.0064704 0.0068291 0.0075204 0.0068291 70 70 70 70
19.2 0.0066955 0.0070733 0.0077965 0.0070733 70 70 70 70
19.3 0.0069285 0.0073264 0.0080829 0.0073264 70 70 70 70
19.4 0.0071698 0.0075886 0.0083799 0.0075886 70 70 70 70
19.5 0.0074196 0.0078603 0.008688 0.0078603 70 70 70 70
19.6 0.0076781 0.0081419 0.0090075 0.0081419 70 70 70 70
19.7 0.0079458 0.0084337 0.0093389 0.0084337 70 70 70 70
19.8 0.008223 0.008736 0.0096826 0.008736 70 70 70 70
19.9 0.0085099 0.0090493 0.010039 0.0090493 70 70 69.729 70
20 0.0088069 0.009374 0.010394 0.009374 70 70 69.459 70
20.1 0.0091145 0.0097105 0.010747 0.0097105 70 70 69.19 70
20.2 0.0094329 0.010059 0.011098 0.010059 70 70 68.923 70
20.3 0.0097626 0.01042 0.011447 0.01042 70 70 68.657 70
20.4 0.010104 0.010795 0.011795 0.010795 70 70 68.392 70
20.5 0.010457 0.011183 0.012141 0.011183 70 70 68.129 70
20.6 0.010823 0.011585 0.012486 0.011585 70 70 67.867 70
20.7 0.011202 0.012002 0.012828 0.012002 70 69.733 67.606 69.733
20.8 0.011594 0.012417 0.013169 0.012417 70 69.467 67.347 69.467
20.9 0.012 0.012829 0.013509 0.012829 70 69.202 67.089 69.202
21 0.012421 0.01324 0.013847 0.01324 70 68.939 66.831 68.939
21.1 0.012856 0.013649 0.014183 0.013649 70 68.676 66.576 68.676
21.2 0.013307 0.014056 0.014517 0.014056 70 68.415 66.321 68.415
21.3 0.013774 0.014461 0.01485 0.014461 70 68.156 66.068 68.156
21.4 0.014257 0.014864 0.015182 0.014864 70 67.897 65.815 67.897
21.5 0.014758 0.015265 0.015512 0.015265 70 67.64 65.564 67.64
21.6 0.015276 0.015665 0.01584 0.015665 69.737 67.384 65.315 67.384
21.7 0.015792 0.016062 0.016167 0.016062 69.475 67.129 65.066 67.129
21.8 0.016305 0.016458 0.016492 0.016458 69.214 66.875 64.818 66.875
21.9 0.016817 0.016852 0.016816 0.016852 68.955 66.622 64.572 66.622
22 0.017325 0.017244 0.017139 0.017244 68.696 66.371 64.326 66.371
22.1 0.017832 0.017634 0.01746 0.017634 68.439 66.12 64.082 66.12
22.2 0.018336 0.018023 0.017779 0.018023 68.183 65.871 63.839 65.871
22.3 0.018838 0.01841 0.018097 0.01841 67.928 65.623 63.597 65.623
22.4 0.019338 0.018795 0.018414 0.018795 67.675 65.376 63.356 65.376
22.5 0.019835 0.019178 0.018729 0.019178 67.422 65.13 63.116 65.13
22.6 0.02033 0.01956 0.019043 0.01956 67.171 64.886 62.878 64.886
22.7 0.020824 0.01994 0.019355 0.01994 66.92 64.642 62.64 64.642
22.8 0.021314 0.020318 0.019666 0.020318 66.671 64.399 62.403 64.399
22.9 0.021803 0.020695 0.019976 0.020695 66.423 64.158 62.167 64.158
23 0.02229 0.02107 0.020284 0.02107 66.176 63.917 61.933 63.917
23.1 0.022774 0.021443 0.020591 0.021443 65.93 63.678 61.699 63.678
23.2 0.023257 0.021815 0.020897 0.021815 65.685 63.439 61.467 63.439
23.3 0.023737 0.022185 0.021201 0.022185 65.441 63.202 61.235 63.202
23.4 0.024215 0.022553 0.021504 0.022553 65.198 62.966 61.004 62.966
23.5 0.024692 0.02292 0.021806 0.02292 64.956 62.73 60.775 62.73
23.6 0.025166 0.023286 0.022107 0.023286 64.715 62.496 60.546 62.496
23.7 0.025638 0.02365 0.022406 0.02365 64.476 62.262 60.318 62.262
23.8 0.026108 0.024012 0.022704 0.024012 64.237 62.03 60.092 62.03
23.9 0.026577 0.024373 0.023001 0.024373 63.999 61.799 59.866 61.799
24 0.027043 0.024732 0.023296 0.024732 63.762 61.568 59.641 61.568
24.1 0.027507 0.02509 0.02359 0.02509 63.527 61.339 59.417 61.339
24.2 0.02797 0.025447 0.023883 0.025447 63.292 61.11 59.194 61.11
24.3 0.02843 0.025801 0.024175 0.025801 63.058 60.882 58.972 60.882
24.4 0.028889 0.026155 0.024466 0.026155 62.825 60.656 58.751 60.656
24.5 0.029346 0.026507 0.024755 0.026507 62.593 60.43 58.531 60.43
24.6 0.029801 0.026857 0.025044 0.026857 62.362 60.205 58.311 60.205
24.7 0.030254 0.027207 0.025331 0.027207 62.132 59.981 58.093 59.981
24.8 0.030705 0.027554 0.025617 0.027554 61.903 59.758 57.875 59.758
24.9 0.031154 0.027901 0.025901 0.027901 61.675 59.536 57.659 59.536
25 0.031602 0.028246 0.026185 0.028246 61.447 59.315 57.443 59.315
25.1 0.032048 0.028589 0.026467 0.028589 61.221 59.095 57.228 59.095
25.2 0.03247 0.028914 0.026734 0.028914 60.996 58.875 57.014 58.875
25.3 0.032869 0.029221 0.026986 0.029221 60.771 58.657 56.8 58.657
25.4 0.033245 0.029509 0.027221 0.029509 60.547 58.439 56.588 58.439
25.5 0.033597 0.029778 0.027441 0.029778 60.325 58.222 56.377 58.222
25.6 0.033926 0.03003 0.027646 0.03003 60.103 58.006 56.166 58.006
25.7 0.034233 0.030263 0.027836 0.030263 59.882 57.791 55.956 57.791
25.8 0.034516 0.030478 0.02801 0.030478 59.662 57.577 55.747 57.577
25.9 0.034777 0.030675 0.028169 0.030675 59.443 57.363 55.539 57.363
26 0.035015 0.030854 0.028313 0.030854 59.224 57.151 55.331 57.151
26.1 0.03523 0.031015 0.028442 0.031015 59.007 56.939 55.125 56.939
26.2 0.035423 0.031158 0.028555 0.031158 58.79 56.728 54.919 56.728
26.3 0.035594 0.031284 0.028654 0.031284 58.574 56.518 54.714 56.518
26.4 0.035742 0.031392 0.028738 0.031392 58.359 56.309 54.51 56.309
26.5 0.035868 0.031482 0.028807 0.031482 58.145 56.1 54.306 56.1
26.6 0.035972 0.031555 0.028862 0.031555 57.932 55.893 54.104 55.893
26.7 0.036053 0.03161 0.028901 0.03161 57.72 55.686 53.902 55.686
26.8 0.036113 0.031648 0.028926 0.031648 57.508 55.48 53.701 55.48
26.9 0.036151 0.031669 0.028937 0.031669 57.297 55.274 53.5 55.274
27 0.036167 0.031672 0.028933 0.031672 57.087 55.07 53.301 55.07
27.1 0.036162 0.031658 0.028914 0.031658 56.878 54.866 53.102 54.866
27.2 0.036135 0.031628 0.028881 0.031628 56.669 54.663 52.904 54.663
27.3 0.036086 0.03158 0.028834 0.03158 56.462 54.461 52.707 54.461
27.4 0.036016 0.031515 0.028773 0.031515 56.255 54.26 52.51 54.26
27.5 0.035925 0.031433 0.028697 0.031433 56.049 54.059 52.314 54.059
27.6 0.035812 0.031335 0.028607 0.031335 55.843 53.859 52.119 53.859
27.7 0.0357 0.031237 0.028517 0.031237 55.639 53.66 51.925 53.66
27.8 0.035589 0.031139 0.028428 0.031139 55.435 53.461 51.731 53.461
27.9 0.035477 0.031042 0.028339 0.031042 55.232 53.263 51.538 53.263
28 0.035367 0.030945 0.028251 0.030945 55.029 53.066 51.346 53.066
28.1 0.035257 0.030849 0.028163 0.030849 54.828 52.87 51.154 52.87
28.2 0.035147 0.030753 0.028075 0.030753 54.627 52.674 50.963 52.674
28.3 0.035038 0.030657 0.027988 0.030657 54.427 52.479 50.773 52.479
28.4 0.034929 0.030562 0.027902 0.030562 54.227 52.285 50.583 52.285
28.5 0.034821 0.030468 0.027815 0.030468 54.028 52.092 50.395 52.092
28.6 0.034714 0.030373 0.027729 0.030373 53.83 51.899 50.206 51.899
28.7 0.034606 0.03028 0.027644 0.03028 53.633 51.707 50.019 51.707
28.8 0.0345 0.030186 0.027558 0.030186 53.436 51.515 49.832 51.515
28.9 0.034394 0.030093 0.027474 0.030093 53.24 51.324 49.646 51.324
29 0.034288 0.030001 0.027389 0.030001 53.045 51.134 49.46 51.134
29.1 0.034183 0.029909 0.027305 0.029909 52.851 50.945 49.275 50.945
29.2 0.034078 0.029817 0.027221 0.029817 52.657 50.756 49.091 50.756
29.3 0.033973 0.029726 0.027138 0.029726 52.463 50.568 48.908 50.568
29.4 0.03387 0.029635 0.027055 0.029635 52.271 50.38 48.725 50.38
29.5 0.033766 0.029544 0.026972 0.029544 52.079 50.194 48.542 50.194
29.6 0.033663 0.029454 0.02689 0.029454 51.888 50.007 48.361 50.007
29.7 0.033561 0.029365 0.026808 0.029365 51.697 49.822 48.18 49.822
29.8 0.033459 0.029275 0.026727 0.029275 51.507 49.637 47.999 49.637
29.9 0.033357 0.029186 0.026645 0.029186 51.318 49.453 47.819 49.453
30 0.033256 0.029098 0.026565 0.029098 51.13 49.269 47.64 49.269
30.1 0.033155 0.02901 0.026484 0.02901 50.942 49.086 47.462 49.086
30.2 0.033055 0.028922 0.026404 0.028922 50.754 48.904 47.284 48.904
30.3 0.032955 0.028834 0.026324 0.028834 50.568 48.722 47.106 48.722
30.4 0.032855 0.028747 0.026245 0.028747 50.382 48.541 46.929 48.541
30.5 0.032756 0.028661 0.026166 0.028661 50.196 48.36 46.753 48.36
30.6 0.032658 0.028574 0.026087 0.028574 50.011 48.18 46.578 48.18
30.7 0.032559 0.028489 0.026008 0.028489 49.827 48.001 46.403 48.001
30.8 0.032462 0.028403 0.02593 0.028403 49.644 47.822 46.228 47.822
30.9 0.032364 0.028318 0.025852 0.028318 49.461 47.644 46.054 47.644
31 0.032267 0.028233 0.025775 0.028233 49.278 47.466 45.881 47.466
31.1 0.032171 0.028148 0.025698 0.028148 49.096 47.289 45.708 47.289
31.2 0.032075 0.028064 0.025621 0.028064 48.915 47.113 45.536 47.113
31.3 0.031979 0.027981 0.025545 0.027981 48.735 46.937 45.365 46.937
31.4 0.031884 0.027897 0.025469 0.027897 48.555 46.762 45.194 46.762
31.5 0.031789 0.027814 0.025393 0.027814 48.375 46.587 45.023 46.587
31.6 0.031694 0.027731 0.025317 0.027731 48.196 46.413 44.853 46.413
31.7 0.0316 0.027649 0.025242 0.027649 48.018 46.239 44.684 46.239
31.8 0.031506 0.027567 0.025167 0.027567 47.84 46.066 44.515 46.066
31.9 0.031413 0.027485 0.025093 0.027485 47.663 45.894 44.347 45.894
32 0.03132 0.027404 0.025018 0.027404 47.487 45.722 44.179 45.722
32.1 0.031227 0.027323 0.024944 0.027323 47.311 45.551 44.012 45.551
32.2 0.031135 0.027242 0.024871 0.027242 47.135 45.38 43.845 45.38
32.3 0.031043 0.027162 0.024797 0.027162 46.961 45.21 43.679 45.21
32.4 0.030952 0.027082 0.024724 0.027082 46.786 45.04 43.513 45.04
32.5 0.030861 0.027002 0.024652 0.027002 46.613 44.871 43.348 44.871
32.6 0.03077 0.026923 0.024579 0.026923 46.439 44.702 43.184 44.702
32.7 0.03068 0.026844 0.024507 0.026844 46.267 44.534 43.02 44.534
32.8 0.03059 0.026765 0.024435 0.026765 46.095 44.366 42.856 44.366
32.9 0.0305 0.026687 0.024364 0.026687 45.923 44.199 42.693 44.199
33 0.030411 0.026609 0.024292 0.026609 45.752 44.033 42.531 44.033
33.1 0.030322 0.026531 0.024221 0.026531 45.581 43.867 42.369 43.867
33.2 0.030234 0.026454 0.024151 0.026454 45.411 43.701 42.207 43.701
33.3 0.030146 0.026376 0.02408 0.026376 45.242 43.536 42.046 43.536
33.4 0.030058 0.0263 0.02401 0.0263 45.073 43.372 41.886 43.372
33.5 0.02997 0.026223 0.02394 0.026223 44.905 43.208 41.726 43.208
33.6 0.029883 0.026147 0.023871 0.026147 44.737 43.044 41.566 43.044
33.7 0.029797 0.026071 0.023801 0.026071 44.569 42.881 41.407 42.881
33.8 0.02971 0.025996 0.023732 0.025996 44.402 42.719 41.248 42.719
33.9 0.029624 0.02592 0.023664 0.02592 44.236 42.557 41.09 42.557
34 0.029538 0.025845 0.023595 0.025845 44.07 42.395 40.933 42.395
34.1 0.029453 0.025771 0.023527 0.025771 43.905 42.234 40.776 42.234
34.2 0.029368 0.025696 0.023459 0.025696 43.74 42.074 40.619 42.074
34.3 0.029283 0.025622 0.023391 0.025622 43.575 41.913 40.463 41.913
34.4 0.029199 0.025548 0.023324 0.025548 43.411 41.754 40.307 41.754
34.5 0.029115 0.025475 0.023257 0.025475 43.248 41.595 40.152 41.595
34.6 0.029031 0.025402 0.02319 0.025402 43.085 41.436 39.997 41.436
34.7 0.028948 0.025329 0.023124 0.025329 42.923 41.278 39.843 41.278
34.8 0.028865 0.025256 0.023057 0.025256 42.761 41.12 39.689 41.12
34.9 0.028782 0.025184 0.022991 0.025184 42.599 40.963 39.536 40.963
35 0.0287 0.025112 0.022925 0.025112 42.438 40.806 39.383 40.806
35.1 0.028618 0.02504 0.02286 0.02504 42.278 40.65 39.23 40.65
35.2 0.028536 0.024968 0.022795 0.024968 42.118 40.494 39.078 40.494
35.3 0.028455 0.024897 0.02273 0.024897 41.958 40.339 38.926 40.339
35.4 0.028374 0.024826 0.022665 0.024826 41.799 40.184 38.775 40.184
35.5 0.028293 0.024755 0.0226 0.024755 41.64 40.029 38.625 40.029
35.6 0.028212 0.024685 0.022536 0.024685 41.482 39.875 38.474 39.875
35.7 0.028132 0.024615 0.022472 0.024615 41.324 39.722 38.324 39.722
35.8 0.028052 0.024545 0.022408 0.024545 41.167 39.569 38.175 39.569
35.9 0.027973 0.024475 0.022345 0.024475 41.01 39.416 38.026 39.416
36 0.027894 0.024406 0.022281 0.024406 40.854 39.264 37.877 39.264
36.1 0.027815 0.024337 0.022218 0.024337 40.698 39.112 37.729 39.112
36.2 0.027736 0.024268 0.022155 0.024268 40.542 38.96 37.582 38.96
36.3 0.027658 0.0242 0.022093 0.0242 40.387 38.809 37.434 38.809
36.4 0.02758 0.024131 0.022031 0.024131 40.233 38.659 37.287 38.659
36.5 0.027502 0.024063 0.021968 0.024063 40.078 38.509 37.141 38.509
36.6 0.027425 0.023996 0.021907 0.023996 39.925 38.359 36.995 38.359
36.7 0.027347 0.023928 0.021845 0.023928 39.771 38.21 36.849 38.21
36.8 0.027271 0.023861 0.021784 0.023861 39.618 38.061 36.704 38.061
36.9 0.027194 0.023794 0.021722 0.023794 39.466 37.912 36.559 37.912
37 0.027118 0.023727 0.021661 0.023727 39.314 37.764 36.415 37.764
37.1 0.027042 0.023661 0.021601 0.023661 39.162 37.617 36.271 37.617
37.2 0.026966 0.023594 0.02154 0.023594 39.011 37.47 36.127 37.47
37.3 0.026891 0.023528 0.02148 0.023528 38.86 37.323 35.984 37.323
37.4 0.026816 0.023463 0.02142 0.023463 38.71 37.176 35.841 37.176
37.5 0.026741 0.023397 0.02136 0.023397 38.56 37.03 35.699 37.03
37.6 0.026666 0.023332 0.021301 0.023332 38.41 36.885 35.557 36.885
37.7 0.026592 0.023267 0.021241 0.023267 38.261 36.74 35.415 36.74
37.8 0.026518 0.023202 0.021182 0.023202 38.113 36.595 35.274 36.595
37.9 0.026444 0.023138 0.021123 0.023138 37.965 36.451 35.133 36.451
38 0.026371 0.023074 0.021065 0.023074 37.818 36.308 34.993 36.308
38.1 0.026297 0.023009 0.021006 0.023009 37.671 36.165 34.854 36.165
38.2 0.026225 0.022946 0.020948 0.022946 37.524 36.022 34.715 36.022
38.3 0.026152 0.022882 0.02089 0.022882 37.378 35.88 34.576 35.88
38.4 0.02608 0.022819 0.020832 0.022819 37.233 35.739 34.438 35.739
38.5 0.026007 0.022756 0.020775 0.022756 37.088 35.598 34.301 35.598
38.6 0.025936 0.022693 0.020717 0.022693 36.944 35.457 34.164 35.457
38.7 0.025864 0.02263 0.02066 0.02263 36.8 35.317 34.027 35.317
38.8 0.025793 0.022568 0.020603 0.022568 36.657 35.178 33.891 35.178
38.9 0.025722 0.022506 0.020546 0.022506 36.514 35.039 33.755 35.039
39 0.025651 0.022444 0.02049 0.022444 36.371 34.9 33.62 34.9
39.1 0.02558 0.022382 0.020433 0.022382 36.229 34.762 33.486 34.762
39.2 0.02551 0.022321 0.020377 0.022321 36.088 34.624 33.351 34.624
39.3 0.02544 0.022259 0.020321 0.022259 35.947 34.487 33.218 34.487
39.4 0.02537 0.022198 0.020266 0.022198 35.807 34.351 33.085 34.351
39.5 0.025301 0.022137 0.02021 0.022137 35.667 34.214 32.952 34.214
39.6 0.025232 0.022077 0.020155 0.022077 35.527 34.079 32.819 34.079
39.7 0.025163 0.022016 0.0201 0.022016 35.389 33.944 32.688 33.944
39.8 0.025094 0.021956 0.020045 0.021956 35.25 33.809 32.556 33.809
39.9 0.025025 0.021896 0.01999 0.021896 35.112 33.675 32.425 33.675
40 0.024957 0.021837 0.019936 0.021837 34.975 33.541 32.295 33.541
40.1 0.024889 0.021777 0.019881 0.021777 34.838 33.407 32.165 33.407
40.2 0.024821 0.021718 0.019827 0.021718 34.701 33.275 32.035 33.275
40.3 0.024754 0.021659 0.019773 0.021659 34.565 33.142 31.906 33.142
40.4 0.024686 0.0216 0.019719 0.0216 34.429 33.01 31.778 33.01
40.5 0.024619 0.021541 0.019666 0.021541 34.294 32.879 31.649 32.879
40.6 0.024553 0.021483 0.019612 0.021483 34.159 32.748 31.522 32.748
40.7 0.024486 0.021425 0.019559 0.021425 34.025 32.617 31.394 32.617
40.8 0.02442 0.021366 0.019506 0.021366 33.891 32.487 31.267 32.487
40.9 0.024354 0.021309 0.019453 0.021309 33.758 32.357 31.141 32.357
41 0.024288 0.021251 0.019401 0.021251 33.625 32.228 31.015 32.228
41.1 0.024222 0.021194 0.019348 0.021194 33.493 32.099 30.889 32.099
41.2 0.024157 0.021136 0.019296 0.021136 33.361 31.971 30.764 31.971
41.3 0.024092 0.021079 0.019244 0.021079 33.229 31.843 30.64 31.843
41.4 0.024027 0.021023 0.019192 0.021023 33.098 31.716 30.515 31.716
41.5 0.023962 0.020966 0.019141 0.020966 32.968 31.589 30.392 31.589
41.6 0.023898 0.02091 0.019089 0.02091 32.837 31.462 30.268 31.462
41.7 0.023833 0.020853 0.019038 0.020853 32.708 31.336 30.145 31.336
41.8 0.023769 0.020797 0.018987 0.020797 32.578 31.21 30.023 31.21
41.9 0.023706 0.020742 0.018936 0.020742 32.449 31.085 29.9 31.085
42 0.023642 0.020686 0.018885 0.020686 32.321 30.96 29.779 30.96
42.1 0.023579 0.020631 0.018834 0.020631 32.193 30.835 29.658 30.835
42.2 0.023515 0.020575 0.018784 0.020575 32.066 30.711 29.537 30.711
42.3 0.023453 0.02052 0.018734 0.02052 31.938 30.588 29.416 30.588
42.4 0.02339 0.020465 0.018684 0.020465 31.812 30.465 29.296 30.465
42.5 0.023327 0.020411 0.018634 0.020411 31.685 30.342 29.177 30.342
42.6 0.023265 0.020356 0.018584 0.020356 31.56 30.219 29.057 30.219
42.7 0.023203 0.020302 0.018534 0.020302 31.434 30.098 28.939 30.098
42.8 0.023141 0.020248 0.018485 0.020248 31.309 29.976 28.82 29.976
42.9 0.02308 0.020194 0.018436 0.020194 31.185 29.855 28.702 29.855
43 0.023018 0.02014 0.018387 0.02014 31.061 29.734 28.585 29.734
43.1 0.022957 0.020087 0.018338 0.020087 30.937 29.614 28.467 29.614
43.2 0.022896 0.020033 0.018289 0.020033 30.813 29.494 28.351 29.494
43.3 0.022835 0.01998 0.018241 0.01998 30.691 29.375 28.234 29.375
43.4 0.022775 0.019927 0.018192 0.019927 30.568 29.256 28.118 29.256
43.5 0.022715 0.019875 0.018144 0.019875 30.446 29.137 28.003 29.137
43.6 0.022654 0.019822 0.018096 0.019822 30.324 29.019 27.887 29.019
43.7 0.022595 0.01977 0.018048 0.01977 30.203 28.901 27.773 28.901
43.8 0.022535 0.019717 0.018001 0.019717 30.082 28.783 27.658 28.783
43.9 0.022475 0.019665 0.017953 0.019665 29.962 28.666 27.544 28.666
44 0.022416 0.019613 0.017906 0.019613 29.842 28.55 27.431 28.55
44.1 0.022357 0.019562 0.017859 0.019562 29.722 28.433 27.317 28.433
44.2 0.022298 0.01951 0.017811 0.01951 29.603 28.318 27.205 28.318
44.3 0.022239 0.019459 0.017765 0.019459 29.484 28.202 27.092 28.202
44.4 0.022181 0.019408 0.017718 0.019408 29.366 28.087 26.98 28.087
44.5 0.022123 0.019356 0.017671 0.019356 29.248 27.972 26.868 27.972
44.6 0.022064 0.019306 0.017625 0.019306 29.13 27.858 26.757 27.858
44.7 0.022007 0.019255 0.017579 0.019255 29.013 27.744 26.646 27.744
44.8 0.021949 0.019204 0.017533 0.019204 28.896 27.631 26.535 27.631
44.9 0.021891 0.019154 0.017487 0.019154 28.779 27.517 26.425 27.517
45 0.021834 0.019104 0.017441 0.019104 28.663 27.405 26.315 27.405
45.1 0.021777 0.019054 0.017395 0.019054 28.548 27.292 26.206 27.292
45.2 0.02172 0.019004 0.01735 0.019004 28.432 27.18 26.097 27.18
45.3 0.021663 0.018955 0.017304 0.018955 28.317 27.069 25.988 27.069
45.4 0.021607 0.018905 0.017259 0.018905 28.203 26.957 25.88 26.957
45.5 0.02155 0.018856 0.017214 0.018856 28.089 26.846 25.772 26.846
45.6 0.021494 0.018807 0.017169 0.018807 27.975 26.736 25.664 26.736
45.7 0.021438 0.018758 0.017125 0.018758 27.861 26.626 25.557 26.626
45.8 0.021382 0.018709 0.01708 0.018709 27.748 26.516 25.45 26.516
45.9 0.021327 0.01866 0.017036 0.01866 27.636 26.406 25.344 26.406
46 0.021271 0.018612 0.016991 0.018612 27.523 26.297 25.237 26.297
46.1 0.021216 0.018563 0.016947 0.018563 27.411 26.189 25.132 26.189
46.2 0.021161 0.018515 0.016903 0.018515 27.3 26.08 25.026 26.08
46.3 0.021106 0.018467 0.016859 0.018467 27.189 25.972 24.921 25.972
46.4 0.021051 0.018419 0.016816 0.018419 27.078 25.865 24.816 25.865
46.5 0.020997 0.018372 0.016772 0.018372 26.967 25.758 24.712 25.758
46.6 0.020943 0.018324 0.016729 0.018324 26.857 25.651 24.608 25.651
46.7 0.020888 0.018277 0.016685 0.018277 26.748 25.544 24.504 25.544
46.8 0.020834 0.018229 0.016642 0.018229 26.638 25.438 24.401 25.438
46.9 0.020781 0.018182 0.016599 0.018182 26.529 25.332 24.298 25.332
47 0.020727 0.018135 0.016557 0.018135 26.421 25.227 24.195 25.227
47.1 0.020674 0.018089 0.016514 0.018089 26.313 25.122 24.093 25.122
47.2 0.02062 0.018042 0.016471 0.018042 26.205 25.017 23.991 25.017
47.3 0.020567 0.017996 0.016429 0.017996 26.097 24.913 23.89 24.913
47.4 0.020514 0.017949 0.016387 0.017949 25.99 24.809 23.788 24.809
47.5 0.020462 0.017903 0.016345 0.017903 25.883 24.705 23.688 24.705
47.6 0.020409 0.017857 0.016303 0.017857 25.777 24.602 23.587 24.602
47.7 0.020357 0.017811 0.016261 0.017811 25.67 24.499 23.487 24.499
47.8 0.020304 0.017766 0.016219 0.017766 25.565 24.396 23.387 24.396
47.9 0.020252 0.01772 0.016177 0.01772 25.459 24.294 23.287 24.294
48 0.0202 0.017675 0.016136 0.017675 25.354 24.192 23.188 24.192
48.1 0.020149 0.017629 0.016095 0.017629 25.249 24.09 23.089 24.09
48.2 0.020097 0.017584 0.016053 0.017584 25.145 23.989 22.991 23.989
48.3 0.020046 0.017539 0.016012 0.017539 25.041 23.888 22.893 23.888
48.4 0.019995 0.017495 0.015972 0.017495 24.937 23.787 22.795 23.787
48.5 0.019944 0.01745 0.015931 0.01745 24.834 23.687 22.697 23.687
48.6 0.019893 0.017405 0.01589 0.017405 24.731 23.587 22.6 23.587
48.7 0.019842 0.017361 0.01585 0.017361 24.628 23.487 22.503 23.487
48.8 0.019791 0.017317 0.015809 0.017317 24.526 23.388 22.407 23.388
48.9 0.019741 0.017273 0.015769 0.017273 24.424 23.289 22.31 23.289
49 0.019691 0.017229 0.015729 0.017229 24.322 23.19 22.214 23.19
49.1 0.019641 0.017185 0.015689 0.017185 24.221 23.092 22.119 23.092
49.2 0.019591 0.017141 0.015649 0.017141 24.12 22.994 22.024 22.994
49.3 0.019541 0.017098 0.015609 0.017098 24.019 22.896 21.929 22.896
49.4 0.019492 0.017054 0.01557 0.017054 23.919 22.799 21.834 22.799
49.5 0.019442 0.017011 0.01553 0.017011 23.819 22.702 21.74 22.702
49.6 0.019393 0.016968 0.015491 0.016968 23.719 22.605 21.646 22.605
49.7 0.019344 0.016925 0.015452 0.016925 23.62 22.509 21.552 22.509
49.8 0.019295 0.016882 0.015413 0.016882 23.521 22.413 21.459 22.413
49.9 0.019246 0.01684 0.015374 0.01684 23.422 22.317 21.366 22.317
50 0.019197 0.016797 0.015335 0.016797 23.324 22.222 21.273 22.222
50.1 0.019149 0.016755 0.015296 0.016755 23.226 22.127 21.181 22.127
50.2 0.019101 0.016712 0.015257 0.016712 23.128 22.032 21.088 22.032
50.3 0.019052 0.01667 0.015219 0.01667 23.031 21.938 20.997 21.938
50.4 0.019004 0.016628 0.015181 0.016628 22.934 21.844 20.905 21.844
50.5 0.018957 0.016586 0.015142 0.016586 22.837 21.75 20.814 21.75
50.6 0.018909 0.016545 0.015104 0.016545 22.74 21.656 20.723 21.656
50.7 0.018861 0.016503 0.015066 0.016503 22.644 21.563 20.633 21.563
50.8 0.018814 0.016462 0.015028 0.016462 22.549 21.47 20.542 21.47
50.9 0.018767 0.01642 0.014991 0.01642 22.453 21.378 20.452 21.378
51 0.01872 0.016379 0.014953 0.016379 22.358 21.286 20.363 21.286
51.1 0.018673 0.016338 0.014915 0.016338 22.263 21.194 20.274 21.194
51.2 0.018626 0.016297 0.014878 0.016297 22.168 21.102 20.184 21.102
51.3 0.018579 0.016256 0.014841 0.016256 22.074 21.011 20.096 21.011
51.4 0.018533 0.016215 0.014804 0.016215 21.98 20.92 20.007 20.92
51.5 0.018486 0.016175 0.014767 0.016175 21.887 20.829 19.919 20.829
51.6 0.01844 0.016134 0.01473 0.016134 21.793 20.739 19.831 20.739
51.7 0.018394 0.016094 0.014693 0.016094 21.7 20.648 19.744 20.648
51.8 0.018348 0.016054 0.014656 0.016054 21.608 20.559 19.657 20.559
51.9 0.018302 0.016014 0.01462 0.016014 21.515 20.469 19.57 20.469
52 0.018257 0.015974 0.014583 0.015974 21.423 20.38 19.483 20.38
52.1 0.018211 0.015934 0.014547 0.015934 21.332 20.291 19.397 20.291
52.2 0.018166 0.015894 0.014511 0.015894 21.24 20.202 19.311 20.202
52.3 0.018121 0.015855 0.014474 0.015855 21.149 20.114 19.225 20.114
52.4 0.018075 0.015815 0.014438 0.015815 21.058 20.026 19.139 20.026
52.5 0.018031 0.015776 0.014403 0.015776 20.968 19.938 19.054 19.938
52.6 0.017986 0.015737 0.014367 0.015737 20.877 19.851 18.969 19.851
52.7 0.017941 0.015698 0.014331 0.015698 20.787 19.764 18.885 19.764
52.8 0.017897 0.015659 0.014296 0.015659 20.698 19.677 18.8 19.677
52.9 0.017852 0.01562 0.01426 0.01562 20.608 19.59 18.716 19.59
53 0.017808 0.015581 0.014225 0.015581 20.519 19.504 18.633 19.504
53.1 0.017764 0.015543 0.01419 0.015543 20.43 19.418 18.549 19.418
53.2 0.01772 0.015504 0.014154 0.015504 20.342 19.333 18.466 19.333
53.3 0.017676 0.015466 0.014119 0.015466 20.254 19.247 18.383 19.247
53.4 0.017632 0.015428 0.014085 0.015428 20.166 19.162 18.3 19.162
53.5 0.017589 0.01539 0.01405 0.01539 20.078 19.077 18.218 19.077
53.6 0.017545 0.015352 0.014015 0.015352 19.991 18.993 18.136 18.993
53.7 0.017502 0.015314 0.01398 0.015314 19.904 18.909 18.054 18.909
53.8 0.017459 0.015276 0.013946 0.015276 19.817 18.825 17.973 18.825
53.9 0.017416 0.015238 0.013912 0.015238 19.731 18.741 17.892 18.741
54 0.017373 0.015201 0.013877 0.015201 19.645 18.657 17.811 18.657
54.1 0.01733 0.015163 0.013843 0.015163 19.559 18.574 17.73 18.574
54.2 0.017288 0.015126 0.013809 0.015126 19.473 18.491 17.65 18.491
54.3 0.017245 0.015089 0.013775 0.015089 19.388 18.409 17.569 18.409
54.4 0.017203 0.015052 0.013741 0.015052 19.303 18.327 17.49 18.327
54.5 0.017161 0.015015 0.013708 0.015015 19.218 18.245 17.41 18.245
54.6 0.017118 0.014978 0.013674 0.014978 19.134 18.163 17.331 18.163
54.7 0.017076 0.014941 0.01364 0.014941 19.049 18.081 17.252 18.081
54.8 0.017035 0.014905 0.013607 0.014905 18.966 18 17.173 18
54.9 0.016993 0.014868 0.013574 0.014868 18.882 17.919 17.095 17.919
55 0.016951 0.014832 0.01354 0.014832 18.799 17.839 17.016 17.839
55.1 0.01691 0.014796 0.013507 0.014796 18.716 17.758 16.938 17.758
55.2 0.016869 0.014759 0.013474 0.014759 18.633 17.678 16.861 17.678
55.3 0.016827 0.014723 0.013441 0.014723 18.55 17.599 16.783 17.599
55.4 0.016786 0.014687 0.013409 0.014687 18.468 17.519 16.706 17.519
55.5 0.016745 0.014651 0.013376 0.014651 18.386 17.44 16.629 17.44
55.6 0.016704 0.014616 0.013343 0.014616 18.304 17.361 16.553 17.361
55.7 0.016664 0.01458 0.013311 0.01458 18.223 17.282 16.476 17.282
55.8 0.016623 0.014545 0.013278 0.014545 18.142 17.204 16.4 17.204
55.9 0.016583 0.014509 0.013246 0.014509 18.061 17.125 16.324 17.125
56 0.016542 0.014474 0.013214 0.014474 17.98 17.047 16.249 17.047
56.1 0.016502 0.014439 0.013182 0.014439 17.9 16.97 16.173 16.97
56.2 0.016462 0.014404 0.01315 0.014404 17.82 16.892 16.098 16.892
56.3 0.016422 0.014369 0.013118 0.014369 17.74 16.815 16.024 16.815
56.4 0.016382 0.014334 0.013086 0.014334 17.661 16.738 15.949 16.738
56.5 0.016342 0.014299 0.013054 0.014299 17.581 16.662 15.875 16.662
56.6 0.016303 0.014264 0.013022 0.014264 17.502 16.585 15.801 16.585
56.7 0.016263 0.01423 0.012991 0.01423 17.424 16.509 15.727 16.509
56.8 0.016224 0.014195 0.012959 0.014195 17.345 16.433 15.654 16.433
56.9 0.016185 0.014161 0.012928 0.014161 17.267 16.358 15.58 16.358
57 0.016146 0.014127 0.012897 0.014127 17.189 16.282 15.507 16.282
57.1 0.016106 0.014093 0.012866 0.014093 17.111 16.207 15.435 16.207
57.2 0.016068 0.014059 0.012835 0.014059 17.034 16.133 15.362 16.133
57.3 0.016029 0.014025 0.012804 0.014025 16.957 16.058 15.29 16.058
57.4 0.01599 0.013991 0.012773 0.013991 16.88 15.984 15.218 15.984
57.5 0.015952 0.013957 0.012742 0.013957 16.803 15.91 15.146 15.91
57.6 0.015913 0.013923 0.012711 0.013923 16.727 15.836 15.075 15.836
57.7 0.015875 0.01389 0.012681 0.01389 16.651 15.762 15.003 15.762
57.8 0.015837 0.013856 0.01265 0.013856 16.575 15.689 14.932 15.689
57.9 0.015798 0.013823 0.01262 0.013823 16.499 15.616 14.862 15.616
58 0.01576 0.01379 0.012589 0.01379 16.424 15.543 14.791 15.543
58.1 0.015723 0.013757 0.012559 0.013757 16.349 15.471 14.721 15.471
58.2 0.015685 0.013724 0.012529 0.013724 16.274 15.399 14.651 15.399
58.3 0.015647 0.013691 0.012499 0.013691 16.2 15.326 14.581 15.326
58.4 0.01561 0.013658 0.012469 0.013658 16.125 15.255 14.512 15.255
58.5 0.015572 0.013625 0.012439 0.013625 16.051 15.183 14.442 15.183
58.6 0.015535 0.013592 0.012409 0.013592 15.977 15.112 14.373 15.112
58.7 0.015498 0.01356 0.012379 0.01356 15.904 15.041 14.305 15.041
58.8 0.015461 0.013527 0.01235 0.013527 15.83 14.97 14.236 14.97
58.9 0.015424 0.013495 0.01232 0.013495 15.757 14.9 14.168 14.9
59 0.015387 0.013463 0.012291 0.013463 15.684 14.829 14.1 14.829
59.1 0.01535 0.013431 0.012261 0.013431 15.612 14.759 14.032 14.759
59.2 0.015313 0.013399 0.012232 0.013399 15.54 14.689 13.964 14.689
59.3 0.015277 0.013367 0.012203 0.013367 15.467 14.62 13.897 14.62
59.4 0.01524 0.013335 0.012174 0.013335 15.396 14.55 13.83 14.55
59.5 0.015204 0.013303 0.012145 0.013303 15.324 14.481 13.763 14.481
59.6 0.015168 0.013271 0.012116 0.013271 15.253 14.412 13.696 14.412
59.7 0.015132 0.01324 0.012087 0.01324 15.182 14.344 13.63 14.344
59.8 0.015096 0.013208 0.012058 0.013208 15.111 14.276 13.564 14.276
59.9 0.01506 0.013177 0.01203 0.013177 15.04 14.207 13.498 14.207
60 0.015024 0.013145 0.012001 0.013145 14.97 14.139 13.432 14.139
60.1 0.014988 0.013114 0.011972 0.013114 14.9 14.072 13.367 14.072
60.2 0.014953 0.013083 0.011944 0.013083 14.83 14.004 13.301 14.004
60.3 0.014917 0.013052 0.011916 0.013052 14.76 13.937 13.236 13.937
60.4 0.014882 0.013021 0.011887 0.013021 14.691 13.87 13.172 13.87
60.5 0.014847 0.01299 0.011859 0.01299 14.621 13.804 13.107 13.804
60.6 0.014811 0.012959 0.011831 0.012959 14.553 13.737 13.043 13.737
60.7 0.014776 0.012929 0.011803 0.012929 14.484 13.671 12.979 13.671
60.8 0.014741 0.012898 0.011775 0.012898 14.415 13.605 12.915 13.605
60.9 0.014706 0.012868 0.011747 0.012868 14.347 13.539 12.851 13.539
61 0.014672 0.012837 0.01172 0.012837 14.279 13.473 12.788 13.473
61.1 0.014637 0.012807 0.011692 0.012807 14.211 13.408 12.725 13.408
61.2 0.014602 0.012777 0.011664 0.012777 14.144 13.343 12.662 13.343
61.3 0.014568 0.012746 0.011637 0.012746 14.077 13.278 12.599 13.278
61.4 0.014534 0.012716 0.011609 0.012716 14.01 13.214 12.537 13.214
61.5 0.014499 0.012686 0.011582 0.012686 13.943 13.149 12.474 13.149
61.6 0.014465 0.012657 0.011555 0.012657 13.876 13.085 12.412 13.085
61.7 0.014431 0.012627 0.011527 0.012627 13.81 13.021 12.351 13.021
61.8 0.014397 0.012597 0.0115 0.012597 13.744 12.957 12.289 12.957
61.9 0.014363 0.012567 0.011473 0.012567 13.678 12.894 12.228 12.894
62 0.01433 0.012538 0.011446 0.012538 13.612 12.831 12.167 12.831
62.1 0.014296 0.012508 0.011419 0.012508 13.547 12.768 12.106 12.768
62.2 0.014262 0.012479 0.011393 0.012479 13.481 12.705 12.045 12.705
62.3 0.014229 0.01245 0.011366 0.01245 13.416 12.642 11.984 12.642
62.4 0.014195 0.012421 0.011339 0.012421 13.352 12.58 11.924 12.58
62.5 0.014162 0.012391 0.011313 0.012391 13.287 12.518 11.864 12.518
62.6 0.014129 0.012362 0.011286 0.012362 13.223 12.456 11.804 12.456
62.7 0.014096 0.012333 0.01126 0.012333 13.159 12.394 11.745 12.394
62.8 0.014063 0.012305 0.011233 0.012305 13.095 12.333 11.685 12.333
62.9 0.01403 0.012276 0.011207 0.012276 13.031 12.271 11.626 12.271
63 0.013997 0.012247 0.011181 0.012247 12.968 12.21 11.567 12.21
63.1 0.013965 0.012218 0.011155 0.012218 12.905 12.149 11.508 12.149
63.2 0.013932 0.01219 0.011129 0.01219 12.842 12.089 11.45 12.089
63.3 0.013899 0.012161 0.011103 0.012161 12.779 12.028 11.392 12.028
63.4 0.013867 0.012133 0.011077 0.012133 12.717 11.968 11.334 11.968
63.5 0.013835 0.012105 0.011051 0.012105 12.654 11.908 11.276 11.908
63.6 0.013802 0.012077 0.011025 0.012077 12.592 11.849 11.218 11.849
63.7 0.01377 0.012048 0.010999 0.012048 12.53 11.789 11.161 11.789
63.8 0.013738 0.01202 0.010974 0.01202 12.469 11.73 11.103 11.73
63.9 0.013706 0.011992 0.010948 0.011992 12.407 11.671 11.046 11.671
64 0.013674 0.011965 0.010923 0.011965 12.346 11.612 10.989 11.612
64.1 0.013643 0.011937 0.010897 0.011937 12.285 11.553 10.933 11.553
64.2 0.013611 0.011909 0.010872 0.011909 12.224 11.495 10.876 11.495
64.3 0.013579 0.011881 0.010847 0.011881 12.164 11.436 10.82 11.436
64.4 0.013548 0.011854 0.010822 0.011854 12.104 11.378 10.764 11.378
64.5 0.013516 0.011826 0.010797 0.011826 12.043 11.321 10.709 11.321
64.6 0.013485 0.011799 0.010772 0.011799 11.984 11.263 10.653 11.263
64.7 0.013454 0.011772 0.010747 0.011772 11.924 11.206 10.598 11.206
64.8 0.013423 0.011744 0.010722 0.011744 11.864 11.148 10.542 11.148
64.9 0.013392 0.011717 0.010697 0.011717 11.805 11.092 10.487 11.092
65 0.013361 0.01169 0.010672 0.01169 11.746 11.035 10.433 11.035
65.1 0.01333 0.011663 0.010648 0.011663 11.687 10.978 10.378 10.978
65.2 0.013299 0.011636 0.010623 0.011636 11.629 10.922 10.324 10.922
65.3 0.013268 0.011609 0.010598 0.011609 11.57 10.866 10.27 10.866
65.4 0.013238 0.011582 0.010574 0.011582 11.512 10.81 10.216 10.81
65.5 0.013207 0.011556 0.01055 0.011556 11.454 10.754 10.162 10.754
65.6 0.013177 0.011529 0.010525 0.011529 11.396 10.699 10.109 10.699
65.7 0.013146 0.011502 0.010501 0.011502 11.339 10.643 10.055 10.643
65.8 0.013116 0.011476 0.010477 0.011476 11.282 10.588 10.002 10.588
65.9 0.013086 0.01145 0.010453 0.01145 11.224 10.533 9.9493 10.533
66 0.013056 0.011423 0.010429 0.011423 11.167 10.479 9.8966 10.479
66.1 0.013026 0.011397 0.010405 0.011397 11.111 10.424 9.8441 10.424
66.2 0.012996 0.011371 0.010381 0.011371 11.054 10.37 9.7918 10.37
66.3 0.012966 0.011345 0.010357 0.011345 10.998 10.316 9.7397 10.316
66.4 0.012936 0.011319 0.010333 0.011319 10.942 10.262 9.6877 10.262
66.5 0.012906 0.011293 0.010309 0.011293 10.886 10.208 9.636 10.208
66.6 0.012877 0.011267 0.010286 0.011267 10.83 10.155 9.5845 10.155
66.7 0.012847 0.011241 0.010262 0.011241 10.775 10.101 9.5332 10.101
66.8 0.012818 0.011215 0.010239 0.011215 10.719 10.048 9.4821 10.048
66.9 0.012789 0.011189 0.010215 0.011189 10.664 9.9955 9.4312 9.9955
67 0.012759 0.011164 0.010192 0.011164 10.609 9.9428 9.3804 9.9428
67.1 0.01273 0.011138 0.010169 0.011138 10.555 9.8904 9.3299 9.8904
67.2 0.012701 0.011113 0.010145 0.011113 10.5 9.8381 9.2796 9.8381
67.3 0.012672 0.011087 0.010122 0.011087 10.446 9.786 9.2294 9.786
67.4 0.012643 0.011062 0.010099 0.011062 10.392 9.7341 9.1795 9.7341
67.5 0.012614 0.011037 0.010076 0.011037 10.338 9.6824 9.1297 9.6824
67.6 0.012585 0.011012 0.010053 0.011012 10.284 9.631 9.0801 9.631
67.7 0.012557 0.010987 0.01003 0.010987 10.231 9.5797 9.0308 9.5797
67.8 0.012528 0.010962 0.010007 0.010962 10.178 9.5286 8.9816 9.5286
67.9 0.0125 0.010937 0.0099844 0.010937 10.125 9.4777 8.9326 9.4777
68 0.012471 0.010912 0.0099617 0.010912 10.072 9.4269 8.8838 9.4269
68.1 0.012443 0.010887 0.009939 0.010887 10.019 9.3764 8.8352 9.3764
68.2 0.012414 0.010862 0.0099164 0.010862 9.9665 9.3261 8.7868 9.3261
68.3 0.012386 0.010837 0.0098939 0.010837 9.9142 9.276 8.7386 9.276
68.4 0.012358 0.010813 0.0098714 0.010813 9.8621 9.226 8.6905 9.226
68.5 0.01233 0.010788 0.009849 0.010788 9.8102 9.1763 8.6427 9.1763
68.6 0.012302 0.010764 0.0098266 0.010764 9.7585 9.1267 8.595 9.1267
68.7 0.012274 0.010739 0.0098043 0.010739 9.707 9.0774 8.5475 9.0774
68.8 0.012246 0.010715 0.0097821 0.010715 9.6557 9.0282 8.5003 9.0282
68.9 0.012219 0.010691 0.0097599 0.010691 9.6046 8.9792 8.4532 8.9792
69 0.012191 0.010667 0.0097378 0.010667 9.5537 8.9304 8.4063 8.9304
69.1 0.012163 0.010642 0.0097158 0.010642 9.5029 8.8818 8.3595 8.8818
69.2 0.012136 0.010618 0.0096938 0.010618 9.4524 8.8334 8.313 8.8334
69.3 0.012108 0.010594 0.0096719 0.010594 9.402 8.7852 8.2666 8.7852
69.4 0.012081 0.01057 0.0096501 0.01057 9.3519 8.7372 8.2205 8.7372
69.5 0.012054 0.010547 0.0096283 0.010547 9.3019 8.6893 8.1745 8.6893
69.6 0.012026 0.010523 0.0096065 0.010523 9.2522 8.6417 8.1287 8.6417
69.7 0.011999 0.010499 0.0095848 0.010499 9.2026 8.5942 8.0831 8.5942
69.8 0.011972 0.010475 0.0095632 0.010475 9.1532 8.5469 8.0376 8.5469
69.9 0.011945 0.010452 0.0095417 0.010452 9.104 8.4998 7.9924 8.4998
70 0.011918 0.010428 0.0095202 0.010428 9.055 8.4529 7.9473 8.4529
70.1 0.011892 0.010405 0.0094987 0.010405 9.0061 8.4061 7.9024 8.4061
70.2 0.011865 0.010381 0.0094774 0.010381 8.9575 8.3596 7.8577 8.3596
70.3 0.011838 0.010358 0.0094561 0.010358 8.909 8.3132 7.8132 8.3132
70.4 0.011812 0.010335 0.0094348 0.010335 8.8608 8.2671 7.7688 8.2671
70.5 0.011785 0.010311 0.0094136 0.010311 8.8127 8.2211 7.7247 8.2211
70.6 0.011758 0.010288 0.0093925 0.010288 8.7648 8.1752 7.6807 8.1752
70.7 0.011732 0.010265 0.0093714 0.010265 8.7171 8.1296 7.6369 8.1296
70.8 0.011706 0.010242 0.0093504 0.010242 8.6696 8.0842 7.5933 8.0842
70.9 0.01168 0.010219 0.0093294 0.010219 8.6222 8.0389 7.5498 8.0389
71 0.011653 0.010196 0.0093085 0.010196 8.5751 7.9938 7.5065 7.9938
71.1 0.011627 0.010173 0.0092876 0.010173 8.5281 7.9489 7.4634 7.9489
71.2 0.011601 0.010151 0.0092668 0.010151 8.4813 7.9042 7.4205 7.9042
71.3 0.011575 0.010128 0.0092461 0.010128 8.4347 7.8596 7.3778 7.8596
71.4 0.011549 0.010105 0.0092254 0.010105 8.3883 7.8153 7.3352 7.8153
71.5 0.011524 0.010083 0.0092048 0.010083 8.3421 7.7711 7.2928 7.7711
71.6 0.011498 0.01006 0.0091842 0.01006 8.296 7.7271 7.2506 7.7271
71.7 0.011472 0.010038 0.0091637 0.010038 8.2501 7.6832 7.2086 7.6832
71.8 0.011447 0.010015 0.0091433 0.010015 8.2045 7.6396 7.1667 7.6396
71.9 0.011421 0.0099929 0.0091229 0.0099929 8.1589 7.5961 7.125 7.5961
72 0.011396 0.0099707 0.0091025 0.0099707 8.1136 7.5528 7.0835 7.5528
72.1 0.01137 0.0099484 0.0090823 0.0099484 8.0685 7.5097 7.0421 7.5097
72.2 0.011345 0.0099263 0.009062 0.0099263 8.0235 7.4667 7.001 7.4667
72.3 0.01132 0.0099042 0.0090419 0.0099042 7.9787 7.4239 6.96 7.4239
72.4 0.011294 0.0098822 0.0090217 0.0098822 7.9341 7.3813 6.9191 7.3813
72.5 0.011269 0.0098602 0.0090017 0.0098602 7.8896 7.3389 6.8785 7.3389
72.6 0.011244 0.0098383 0.0089817 0.0098383 7.8454 7.2967 6.838 7.2967
72.7 0.011219 0.0098164 0.0089617 0.0098164 7.8013 7.2546 6.7977 7.2546
72.8 0.011194 0.0097946 0.0089418 0.0097946 7.7574 7.2127 6.7575 7.2127
72.9 0.01117 0.0097729 0.008922 0.0097729 7.7137 7.171 6.7176 7.171
73 0.011145 0.0097512 0.0089022 0.0097512 7.6701 7.1294 6.6778 7.1294
73.1 0.01112 0.0097296 0.0088825 0.0097296 7.6267 7.088 6.6381 7.088
73.2 0.011095 0.009708 0.0088628 0.009708 7.5835 7.0468 6.5987 7.0468
73.3 0.011071 0.0096865 0.0088432 0.0096865 7.5405 7.0058 6.5594 7.0058
73.4 0.011046 0.0096651 0.0088236 0.0096651 7.4976 6.9649 6.5202 6.9649
73.5 0.011022 0.0096437 0.0088041 0.0096437 7.455 6.9242 6.4813 6.9242
73.6 0.010998 0.0096224 0.0087846 0.0096224 7.4125 6.8837 6.4425 6.8837
73.7 0.010973 0.0096011 0.0087652 0.0096011 7.3701 6.8433 6.4038 6.8433
73.8 0.010949 0.0095799 0.0087458 0.0095799 7.328 6.8031 6.3654 6.8031
73.9 0.010925 0.0095588 0.0087265 0.0095588 7.286 6.7631 6.3271 6.7631
74 0.010901 0.0095377 0.0087073 0.0095377 7.2442 6.7232 6.2889 6.7232
74.1 0.010877 0.0095167 0.0086881 0.0095167 7.2025 6.6835 6.251 6.6835
74.2 0.010853 0.0094957 0.0086689 0.0094957 7.161 6.644 6.2131 6.644
74.3 0.010829 0.0094748 0.0086498 0.0094748 7.1197 6.6047 6.1755 6.6047
74.4 0.010805 0.0094539 0.0086308 0.0094539 7.0786 6.5655 6.138 6.5655
74.5 0.010781 0.0094331 0.0086118 0.0094331 7.0376 6.5265 6.1007 6.5265
74.6 0.010757 0.0094124 0.0085928 0.0094124 6.9969 6.4876 6.0636 6.4876
74.7 0.010734 0.0093917 0.0085739 0.0093917 6.9562 6.4489 6.0266 6.4489
74.8 0.01071 0.009371 0.0085551 0.009371 6.9158 6.4104 5.9898 6.4104
74.9 0.010687 0.0093504 0.0085363 0.0093504 6.8755 6.3721 5.9531 6.3721
75 0.010663 0.0093299 0.0085176 0.0093299 6.8354 6.3339 5.9166 6.3339
75.1 0.01064 0.0093095 0.0084989 0.0093095 6.7954 6.2958 5.8802 6.2958
75.2 0.010617 0.009289 0.0084803 0.009289 6.7556 6.258 5.8441 6.258
75.3 0.010593 0.0092687 0.0084617 0.0092687 6.716 6.2203 5.808 6.2203
75.4 0.01057 0.0092484 0.0084431 0.0092484 6.6766 6.1827 5.7722 6.1827
75.5 0.010547 0.0092281 0.0084247 0.0092281 6.6373 6.1454 5.7365 6.1454
75.6 0.010524 0.0092079 0.0084062 0.0092079 6.5982 6.1082 5.7009 6.1082
75.7 0.010501 0.0091878 0.0083878 0.0091878 6.5592 6.0711 5.6655 6.0711
75.8 0.010478 0.0091677 0.0083695 0.0091677 6.5204 6.0342 5.6303 6.0342
75.9 0.010455 0.0091477 0.0083512 0.0091477 6.4818 5.9975 5.5952 5.9975
76 0.010432 0.0091277 0.008333 0.0091277 6.4433 5.9609 5.5603 5.9609
76.1 0.010409 0.0091078 0.0083148 0.0091078 6.405 5.9245 5.5256 5.9245
76.2 0.010387 0.0090879 0.0082967 0.0090879 6.3669 5.8883 5.491 5.8883
76.3 0.010364 0.0090681 0.0082786 0.0090681 6.3289 5.8522 5.4565 5.8522
76.4 0.010341 0.0090484 0.0082605 0.0090484 6.2911 5.8163 5.4223 5.8163
76.5 0.010319 0.0090287 0.0082425 0.0090287 6.2535 5.7805 5.3881 5.7805
76.6 0.010296 0.009009 0.0082246 0.009009 6.216 5.7449 5.3541 5.7449
76.7 0.010274 0.0089894 0.0082067 0.0089894 6.1786 5.7094 5.3203 5.7094
76.8 0.010252 0.0089699 0.0081889 0.0089699 6.1415 5.6741 5.2867 5.6741
76.9 0.010229 0.0089504 0.0081711 0.0089504 6.1045 5.639 5.2532 5.639
77 0.010207 0.0089309 0.0081533 0.0089309 6.0676 5.604 5.2198 5.604
77.1 0.010185 0.0089115 0.0081356 0.0089115 6.0309 5.5692 5.1866 5.5692
77.2 0.010163 0.0088922 0.008118 0.0088922 5.9944 5.5345 5.1535 5.5345
77.3 0.010141 0.0088729 0.0081004 0.0088729 5.958 5.5 5.1206 5.5
77.4 0.010119 0.0088537 0.0080828 0.0088537 5.9218 5.4656 5.0879 5.4656
77.5 0.010097 0.0088345 0.0080653 0.0088345 5.8858 5.4314 5.0553 5.4314
77.6 0.010075 0.0088154 0.0080478 0.0088154 5.8499 5.3974 5.0228 5.3974
77.7 0.010053 0.0087963 0.0080304 0.0087963 5.8142 5.3635 4.9905 5.3635
77.8 0.010032 0.0087773 0.008013 0.0087773 5.7786 5.3297 4.9584 5.3297
77.9 0.01001 0.0087583 0.0079957 0.0087583 5.7432 5.2961 4.9264 5.2961
78 0.0099883 0.0087394 0.0079784 0.0087394 5.7079 5.2627 4.8946 5.2627
78.1 0.0099667 0.0087205 0.0079612 0.0087205 5.6728 5.2294 4.8629 5.2294
78.2 0.0099452 0.0087017 0.007944 0.0087017 5.6378 5.1963 4.8313 5.1963
78.3 0.0099238 0.0086829 0.0079269 0.0086829 5.603 5.1633 4.7999 5.1633
78.4 0.0099024 0.0086642 0.0079098 0.0086642 5.5684 5.1305 4.7687 5.1305
78.5 0.009881 0.0086455 0.0078927 0.0086455 5.5339 5.0978 4.7376 5.0978
78.6 0.0098597 0.0086269 0.0078757 0.0086269 5.4996 5.0653 4.7066 5.0653
78.7 0.0098385 0.0086083 0.0078588 0.0086083 5.4654 5.0329 4.6758 5.0329
78.8 0.0098173 0.0085898 0.0078419 0.0085898 5.4314 5.0007 4.6452 5.0007
78.9 0.0097962 0.0085713 0.007825 0.0085713 5.3975 4.9686 4.6146 4.9686
79 0.0097752 0.0085529 0.0078082 0.0085529 5.3638 4.9367 4.5843 4.9367
79.1 0.0097542 0.0085345 0.0077914 0.0085345 5.3302 4.9049 4.5541 4.9049
79.2 0.0097332 0.0085162 0.0077747 0.0085162 5.2968 4.8733 4.524 4.8733
79.3 0.0097123 0.0084979 0.007758 0.0084979 5.2635 4.8418 4.494 4.8418
79.4 0.0096915 0.0084797 0.0077414 0.0084797 5.2304 4.8104 4.4643 4.8104
79.5 0.0096707 0.0084615 0.0077248 0.0084615 5.1974 4.7792 4.4346 4.7792
79.6 0.00965 0.0084434 0.0077082 0.0084434 5.1646 4.7482 4.4051 4.7482
79.7 0.0096294 0.0084253 0.0076917 0.0084253 5.1319 4.7173 4.3758 4.7173
79.8 0.0096087 0.0084073 0.0076752 0.0084073 5.0994 4.6866 4.3465 4.6866
79.9 0.0095882 0.0083893 0.0076588 0.0083893 5.0671 4.656 4.3175 4.656
80 0.0095677 0.0083713 0.0076424 0.0083713 5.0348 4.6255 4.2885 4.6255
80.1 0.0095472 0.0083534 0.0076261 0.0083534 5.0028 4.5952 4.2598 4.5952
80.2 0.0095268 0.0083356 0.0076098 0.0083356 4.9709 4.565 4.2311 4.565
80.3 0.0095065 0.0083178 0.0075936 0.0083178 4.9391 4.535 4.2026 4.535
80.4 0.0094862 0.0083001 0.0075774 0.0083001 4.9075 4.5051 4.1742 4.5051
80.5 0.009466 0.0082824 0.0075612 0.0082824 4.876 4.4754 4.146 4.4754
80.6 0.0094458 0.0082647 0.0075451 0.0082647 4.8446 4.4458 4.1179 4.4458
80.7 0.0094257 0.0082471 0.007529 0.0082471 4.8135 4.4163 4.09 4.4163
80.8 0.0094056 0.0082295 0.007513 0.0082295 4.7824 4.387 4.0622 4.387
80.9 0.0093856 0.008212 0.007497 0.008212 4.7515 4.3579 4.0345 4.3579
81 0.0093657 0.0081946 0.0074811 0.0081946 4.7208 4.3288 4.007 4.3288
81.1 0.0093458 0.0081771 0.0074652 0.0081771 4.6902 4.3 3.9796 4.3
81.2 0.0093259 0.0081598 0.0074493 0.0081598 4.6597 4.2712 3.9523 4.2712
81.3 0.0093061 0.0081425 0.0074335 0.0081425 4.6294 4.2426 3.9252 4.2426
81.4 0.0092864 0.0081252 0.0074177 0.0081252 4.5992 4.2142 3.8983 4.2142
81.5 0.0092667 0.0081079 0.007402 0.0081079 4.5692 4.1858 3.8714 4.1858
81.6 0.009247 0.0080908 0.0073863 0.0080908 4.5393 4.1577 3.8447 4.1577
81.7 0.0092274 0.0080736 0.0073706 0.0080736 4.5095 4.1296 3.8181 4.1296
81.8 0.0092079 0.0080565 0.007355 0.0080565 4.4799 4.1017 3.7917 4.1017
81.9 0.0091884 0.0080395 0.0073395 0.0080395 4.4505 4.0739 3.7654 4.0739
82 0.009169 0.0080225 0.0073239 0.0080225 4.4212 4.0463 3.7392 4.0463
82.1 0.0091496 0.0080055 0.0073085 0.0080055 4.392 4.0188 3.7132 4.0188
82.2 0.0091302 0.0079886 0.007293 0.0079886 4.363 3.9915 3.6873 3.9915
82.3 0.009111 0.0079717 0.0072776 0.0079717 4.3341 3.9643 3.6616 3.9643
82.4 0.0090917 0.0079549 0.0072623 0.0079549 4.3053 3.9372 3.6359 3.9372
82.5 0.0090725 0.0079381 0.0072469 0.0079381 4.2767 3.9102 3.6104 3.9102
82.6 0.0090534 0.0079214 0.0072316 0.0079214 4.2482 3.8834 3.5851 3.8834
82.7 0.0090343 0.0079047 0.0072164 0.0079047 4.2199 3.8568 3.5598 3.8568
82.8 0.0090153 0.007888 0.0072012 0.007888 4.1917 3.8302 3.5347 3.8302
82.9 0.0089963 0.0078714 0.0071861 0.0078714 4.1636 3.8038 3.5098 3.8038
83 0.0089774 0.0078549 0.0071709 0.0078549 4.1357 3.7776 3.4849 3.7776
83.1 0.0089585 0.0078383 0.0071559 0.0078383 4.1079 3.7514 3.4602 3.7514
83.2 0.0089397 0.0078219 0.0071408 0.0078219 4.0802 3.7254 3.4356 3.7254
83.3 0.0089209 0.0078054 0.0071258 0.0078054 4.0527 3.6996 3.4112 3.6996
83.4 0.0089022 0.007789 0.0071109 0.007789 4.0253 3.6738 3.3869 3.6738
83.5 0.0088835 0.0077727 0.0070959 0.0077727 3.9981 3.6482 3.3627 3.6482
83.6 0.0088649 0.0077564 0.0070811 0.0077564 3.971 3.6227 3.3386 3.6227
83.7 0.0088463 0.0077401 0.0070662 0.0077401 3.944 3.5974 3.3147 3.5974
83.8 0.0088278 0.0077239 0.0070514 0.0077239 3.9172 3.5722 3.2909 3.5722
83.9 0.0088093 0.0077078 0.0070366 0.0077078 3.8905 3.5471 3.2672 3.5471
84 0.0087909 0.0076916 0.0070219 0.0076916 3.8639 3.5222 3.2437 3.5222
84.1 0.0087725 0.0076755 0.0070072 0.0076755 3.8375 3.4974 3.2203 3.4974
84.2 0.0087541 0.0076595 0.0069926 0.0076595 3.8112 3.4727 3.197 3.4727
84.3 0.0087359 0.0076435 0.006978 0.0076435 3.785 3.4481 3.1738 3.4481
84.4 0.0087176 0.0076275 0.0069634 0.0076275 3.759 3.4237 3.1507 3.4237
84.5 0.0086994 0.0076116 0.0069489 0.0076116 3.7331 3.3994 3.1278 3.3994
84.6 0.0086813 0.0075958 0.0069344 0.0075958 3.7073 3.3752 3.105 3.3752
84.7 0.0086632 0.0075799 0.0069199 0.0075799 3.6817 3.3512 3.0824 3.3512
84.8 0.0086451 0.0075641 0.0069055 0.0075641 3.6562 3.3273 3.0598 3.3273
84.9 0.0086271 0.0075484 0.0068911 0.0075484 3.6308 3.3035 3.0374 3.3035
85 0.0086092 0.0075327 0.0068768 0.0075327 3.6056 3.2798 3.0151 3.2798
85.1 0.0085913 0.007517 0.0068625 0.007517 3.5805 3.2563 2.9929 3.2563
85.2 0.0085734 0.0075014 0.0068482 0.0075014 3.5555 3.2329 2.9709 3.2329
85.3 0.0085556 0.0074858 0.006834 0.0074858 3.5306 3.2096 2.949 3.2096
85.4 0.0085378 0.0074703 0.0068198 0.0074703 3.5059 3.1865 2.9272 3.1865
85.5 0.0085201 0.0074548 0.0068057 0.0074548 3.4813 3.1634 2.9055 3.1634
85.6 0.0085025 0.0074393 0.0067916 0.0074393 3.4568 3.1405 2.8839 3.1405
85.7 0.0084848 0.0074239 0.0067775 0.0074239 3.4325 3.1178 2.8625 3.1178
85.8 0.0084673 0.0074085 0.0067634 0.0074085 3.4083 3.0951 2.8412 3.0951
85.9 0.0084497 0.0073932 0.0067494 0.0073932 3.3842 3.0726 2.82 3.0726
86 0.0084322 0.0073779 0.0067355 0.0073779 3.3602 3.0502 2.7989 3.0502
86.1 0.0084148 0.0073626 0.0067215 0.0073626 3.3364 3.0279 2.7779 3.0279
86.2 0.0083974 0.0073474 0.0067076 0.0073474 3.3127 3.0057 2.7571 3.0057
86.3 0.0083801 0.0073322 0.0066938 0.0073322 3.2891 2.9837 2.7363 2.9837
86.4 0.0083628 0.0073171 0.00668 0.0073171 3.2656 2.9617 2.7157 2.9617
86.5 0.0083455 0.007302 0.0066662 0.007302 3.2423 2.9399 2.6952 2.9399
86.6 0.0083283 0.0072869 0.0066524 0.0072869 3.2191 2.9183 2.6749 2.9183
86.7 0.0083111 0.0072719 0.0066387 0.0072719 3.196 2.8967 2.6546 2.8967
86.8 0.008294 0.0072569 0.006625 0.0072569 3.1731 2.8753 2.6345 2.8753
86.9 0.0082769 0.007242 0.0066114 0.007242 3.1502 2.854 2.6145 2.854
87 0.0082599 0.0072271 0.0065978 0.0072271 3.1275 2.8328 2.5946 2.8328
87.1 0.0082429 0.0072122 0.0065842 0.0072122 3.105 2.8117 2.5748 2.8117
87.2 0.008226 0.0071974 0.0065707 0.0071974 3.0825 2.7907 2.5551 2.7907
87.3 0.0082091 0.0071826 0.0065572 0.0071826 3.0601 2.7699 2.5355 2.7699
87.4 0.0081922 0.0071678 0.0065437 0.0071678 3.0379 2.7492 2.5161 2.7492
87.5 0.0081754 0.0071531 0.0065303 0.0071531 3.0158 2.7286 2.4968 2.7286
87.6 0.0081586 0.0071385 0.0065169 0.0071385 2.9938 2.7081 2.4776 2.7081
87.7 0.0081419 0.0071238 0.0065036 0.0071238 2.972 2.6877 2.4585 2.6877
87.8 0.0081252 0.0071092 0.0064902 0.0071092 2.9503 2.6675 2.4395 2.6675
87.9 0.0081086 0.0070947 0.006477 0.0070947 2.9286 2.6473 2.4206 2.6473
88 0.008092 0.0070802 0.0064637 0.0070802 2.9071 2.6273 2.4018 2.6273
88.1 0.0080755 0.0070657 0.0064505 0.0070657 2.8858 2.6074 2.3832 2.6074
88.2 0.008059 0.0070513 0.0064373 0.0070513 2.8645 2.5876 2.3646 2.5876
88.3 0.0080425 0.0070369 0.0064242 0.0070369 2.8434 2.5679 2.3462 2.5679
88.4 0.0080261 0.0070225 0.006411 0.0070225 2.8223 2.5484 2.3279 2.5484
88.5 0.0080097 0.0070082 0.006398 0.0070082 2.8014 2.5289 2.3097 2.5289
88.6 0.0079934 0.0069939 0.0063849 0.0069939 2.7807 2.5096 2.2916 2.5096
88.7 0.0079771 0.0069796 0.0063719 0.0069796 2.76 2.4904 2.2736 2.4904
88.8 0.0079609 0.0069654 0.0063589 0.0069654 2.7394 2.4712 2.2557 2.4712
88.9 0.0079447 0.0069512 0.006346 0.0069512 2.719 2.4523 2.2379 2.4523
89 0.0079285 0.0069371 0.0063331 0.0069371 2.6987 2.4334 2.2203 2.4334
89.1 0.0079124 0.006923 0.0063202 0.006923 2.6785 2.4146 2.2027 2.4146
89.2 0.0078963 0.0069089 0.0063074 0.0069089 2.6584 2.3959 2.1853 2.3959
89.3 0.0078803 0.0068949 0.0062946 0.0068949 2.6384 2.3774 2.1679 2.3774
89.4 0.0078643 0.0068809 0.0062818 0.0068809 2.6186 2.3589 2.1507 2.3589
89.5 0.0078483 0.006867 0.006269 0.006867 2.5988 2.3406 2.1336 2.3406
89.6 0.0078324 0.006853 0.0062563 0.006853 2.5792 2.3224 2.1166 2.3224
89.7 0.0078166 0.0068391 0.0062437 0.0068391 2.5597 2.3043 2.0996 2.3043
89.8 0.0078007 0.0068253 0.006231 0.0068253 2.5403 2.2863 2.0828 2.2863
89.9 0.0077849 0.0068115 0.0062184 0.0068115 2.521 2.2684 2.0661 2.2684
90 0.0077692 0.0067977 0.0062058 0.0067977 2.5018 2.2506 2.0495 2.2506
90.1 0.0077535 0.006784 0.0061933 0.006784 2.4827 2.2329 2.033 2.2329
90.2 0.0077378 0.0067703 0.0061808 0.0067703 2.4638 2.2154 2.0166 2.2154
90.3 0.0077222 0.0067566 0.0061683 0.0067566 2.4449 2.1979 2.0004 2.1979
90.4 0.0077066 0.006743 0.0061559 0.006743 2.4262 2.1806 1.9842 2.1806
90.5 0.0076911 0.0067294 0.0061434 0.0067294 2.4076 2.1633 1.9681 2.1633
90.6 0.0076756 0.0067158 0.0061311 0.0067158 2.389 2.1462 1.9521 2.1462
90.7 0.0076601 0.0067023 0.0061187 0.0067023 2.3706 2.1291 1.9362 2.1291
90.8 0.0076447 0.0066888 0.0061064 0.0066888 2.3523 2.1122 1.9205 2.1122
90.9 0.0076294 0.0066754 0.0060941 0.0066754 2.3342 2.0954 1.9048 2.0954
91 0.007614 0.0066619 0.0060819 0.0066619 2.3161 2.0787 1.8892 2.0787
91.1 0.0075987 0.0066486 0.0060697 0.0066486 2.2981 2.062 1.8737 2.062
91.2 0.0075835 0.0066352 0.0060575 0.0066352 2.2802 2.0455 1.8584 2.0455
91.3 0.0075682 0.0066219 0.0060453 0.0066219 2.2625 2.0291 1.8431 2.0291
91.4 0.0075531 0.0066086 0.0060332 0.0066086 2.2448 2.0128 1.8279 2.0128
91.5 0.0075379 0.0065954 0.0060211 0.0065954 2.2273 1.9966 1.8128 1.9966
91.6 0.0075228 0.0065822 0.006009 0.0065822 2.2099 1.9805 1.7979 1.9805
91.7 0.0075078 0.006569 0.005997 0.006569 2.1925 1.9645 1.783 1.9645
91.8 0.0074928 0.0065558 0.005985 0.0065558 2.1753 1.9486 1.7682 1.9486
91.9 0.0074778 0.0065427 0.005973 0.0065427 2.1582 1.9328 1.7535 1.9328
92 0.0074628 0.0065297 0.0059611 0.0065297 2.1412 1.9171 1.7389 1.9171
92.1 0.0074479 0.0065166 0.0059492 0.0065166 2.1243 1.9015 1.7244 1.9015
92.2 0.0074331 0.0065036 0.0059373 0.0065036 2.1075 1.886 1.71 1.886
92.3 0.0074182 0.0064906 0.0059255 0.0064906 2.0908 1.8706 1.6957 1.8706
92.4 0.0074035 0.0064777 0.0059137 0.0064777 2.0742 1.8553 1.6815 1.8553
92.5 0.0073887 0.0064648 0.0059019 0.0064648 2.0577 1.8401 1.6674 1.8401
92.6 0.007374 0.0064519 0.0058902 0.0064519 2.0413 1.825 1.6534 1.825
92.7 0.0073593 0.0064391 0.0058784 0.0064391 2.025 1.81 1.6395 1.81
92.8 0.0073447 0.0064263 0.0058667 0.0064263 2.0088 1.7951 1.6257 1.7951
92.9 0.0073301 0.0064135 0.0058551 0.0064135 1.9927 1.7803 1.6119 1.7803
93 0.0073156 0.0064008 0.0058435 0.0064008 1.9768 1.7656 1.5983 1.7656
93.1 0.007301 0.0063881 0.0058319 0.0063881 1.9609 1.751 1.5847 1.751
93.2 0.0072866 0.0063754 0.0058203 0.0063754 1.9451 1.7365 1.5713 1.7365
93.3 0.0072721 0.0063628 0.0058088 0.0063628 1.9294 1.7221 1.5579 1.7221
93.4 0.0072577 0.0063502 0.0057973 0.0063502 1.9138 1.7077 1.5447 1.7077
93.5 0.0072433 0.0063376 0.0057858 0.0063376 1.8983 1.6935 1.5315 1.6935
93.6 0.007229 0.0063251 0.0057743 0.0063251 1.883 1.6794 1.5184 1.6794
93.7 0.0072147 0.0063126 0.0057629 0.0063126 1.8677 1.6653 1.5054 1.6653
93.8 0.0072005 0.0063001 0.0057515 0.0063001 1.8525 1.6514 1.4925 1.6514
93.9 0.0071862 0.0062876 0.0057402 0.0062876 1.8374 1.6375 1.4797 1.6375
94 0.0071721 0.0062752 0.0057288 0.0062752 1.8224 1.6238 1.4669 1.6238
94.1 0.0071579 0.0062629 0.0057175 0.0062629 1.8075 1.6101 1.4543 1.6101
94.2 0.0071438 0.0062505 0.0057063 0.0062505 1.7927 1.5965 1.4417 1.5965
94.3 0.0071297 0.0062382 0.005695 0.0062382 1.778 1.583 1.4293 1.583
94.4 0.0071157 0.0062259 0.0056838 0.0062259 1.7634 1.5697 1.4169 1.5697
94.5 0.0071017 0.0062137 0.0056726 0.0062137 1.7489 1.5563 1.4046 1.5563
94.6 0.0070877 0.0062015 0.0056615 0.0062015 1.7345 1.5431 1.3924 1.5431
94.7 0.0070738 0.0061893 0.0056504 0.0061893 1.7201 1.53 1.3803 1.53
94.8 0.0070599 0.0061771 0.0056393 0.0061771 1.7059 1.517 1.3682 1.517
94.9 0.0070461 0.006165 0.0056282 0.006165 1.6918 1.504 1.3563 1.504
95 0.0070323 0.0061529 0.0056172 0.0061529 1.6777 1.4912 1.3444 1.4912
95.1 0.0070185 0.0061409 0.0056062 0.0061409 1.6638 1.4784 1.3326 1.4784
95.2 0.0070047 0.0061288 0.0055952 0.0061288 1.6499 1.4658 1.3209 1.4658
95.3 0.006991 0.0061168 0.0055842 0.0061168 1.6362 1.4532 1.3093 1.4532
95.4 0.0069774 0.0061049 0.0055733 0.0061049 1.6225 1.4407 1.2978 1.4407
95.5 0.0069637 0.0060929 0.0055624 0.0060929 1.6089 1.4283 1.2864 1.4283
95.6 0.0069501 0.006081 0.0055516 0.006081 1.5954 1.4159 1.275 1.4159
95.7 0.0069366 0.0060692 0.0055407 0.0060692 1.582 1.4037 1.2637 1.4037
95.8 0.006923 0.0060573 0.0055299 0.0060573 1.5687 1.3915 1.2525 1.3915
95.9 0.0069095 0.0060455 0.0055191 0.0060455 1.5555 1.3795 1.2414 1.3795
96 0.0068961 0.0060338 0.0055084 0.0060338 1.5424 1.3675 1.2304 1.3675
96.1 0.0068826 0.006022 0.0054977 0.006022 1.5293 1.3556 1.2194 1.3556
96.2 0.0068692 0.0060103 0.005487 0.0060103 1.5164 1.3438 1.2086 1.3438
96.3 0.0068559 0.0059986 0.0054763 0.0059986 1.5035 1.3321 1.1978 1.3321
96.4 0.0068426 0.0059869 0.0054656 0.0059869 1.4908 1.3204 1.1871 1.3204
96.5 0.0068293 0.0059753 0.005455 0.0059753 1.4781 1.3089 1.1764 1.3089
96.6 0.006816 0.0059637 0.0054445 0.0059637 1.4655 1.2974 1.1659 1.2974
96.7 0.0068028 0.0059522 0.0054339 0.0059522 1.453 1.286 1.1554 1.286
96.8 0.0067896 0.0059406 0.0054234 0.0059406 1.4406 1.2747 1.145 1.2747
96.9 0.0067765 0.0059291 0.0054129 0.0059291 1.4282 1.2634 1.1347 1.2634
97 0.0067634 0.0059176 0.0054024 0.0059176 1.416 1.2523 1.1245 1.2523
97.1 0.0067503 0.0059062 0.0053919 0.0059062 1.4038 1.2412 1.1143 1.2412
97.2 0.0067372 0.0058948 0.0053815 0.0058948 1.3917 1.2302 1.1042 1.2302
97.3 0.0067242 0.0058834 0.0053711 0.0058834 1.3797 1.2193 1.0942 1.2193
97.4 0.0067112 0.005872 0.0053608 0.005872 1.3678 1.2085 1.0843 1.2085
97.5 0.0066983 0.0058607 0.0053504 0.0058607 1.356 1.1978 1.0744 1.1978
97.6 0.0066854 0.0058494 0.0053401 0.0058494 1.3443 1.1871 1.0646 1.1871
97.7 0.0066725 0.0058382 0.0053298 0.0058382 1.3326 1.1765 1.0549 1.1765
97.8 0.0066597 0.0058269 0.0053196 0.0058269 1.321 1.166 1.0453 1.166
97.9 0.0066469 0.0058157 0.0053093 0.0058157 1.3095 1.1556 1.0357 1.1556
98 0.0066341 0.0058045 0.0052991 0.0058045 1.2981 1.1452 1.0262 1.1452
98.1 0.0066213 0.0057934 0.0052889 0.0057934 1.2868 1.1349 1.0168 1.1349
98.2 0.0066086 0.0057823 0.0052788 0.0057823 1.2755 1.1247 1.0075 1.1247
98.3 0.0065959 0.0057712 0.0052687 0.0057712 1.2644 1.1146 0.9982 1.1146
98.4 0.0065833 0.0057601 0.0052585 0.0057601 1.2533 1.1045 0.989 1.1045
98.5 0.0065707 0.0057491 0.0052485 0.0057491 1.2423 1.0946 0.97988 1.0946
98.6 0.0065581 0.0057381 0.0052384 0.0057381 1.2313 1.0847 0.97082 1.0847
98.7 0.0065456 0.0057271 0.0052284 0.0057271 1.2205 1.0748 0.96184 1.0748
98.8 0.006533 0.0057161 0.0052184 0.0057161 1.2097 1.0651 0.95292 1.0651
98.9 0.0065206 0.0057052 0.0052084 0.0057052 1.199 1.0554 0.94408 1.0554
99 0.0065081 0.0056943 0.0051985 0.0056943 1.1884 1.0458 0.9353 1.0458
99.1 0.0064957 0.0056834 0.0051886 0.0056834 1.1779 1.0363 0.9266 1.0363
99.2 0.0064833 0.0056726 0.0051787 0.0056726 1.1674 1.0268 0.91796 1.0268
99.3 0.006471 0.0056618 0.0051688 0.0056618 1.1571 1.0175 0.90939 1.0175
99.4 0.0064586 0.005651 0.005159 0.005651 1.1468 1.0081 0.90089 1.0081
99.5 0.0064464 0.0056403 0.0051492 0.0056403 1.1365 0.9989 0.89246 0.9989
99.6 0.0064341 0.0056296 0.0051394 0.0056296 1.1264 0.98974 0.88409 0.98974
99.7 0.0064219 0.0056189 0.0051296 0.0056189 1.1163 0.98064 0.87579 0.98064
99.8 0.0064097 0.0056082 0.0051199 0.0056082 1.1063 0.97161 0.86756 0.97161
99.9 0.0063975 0.0055976 0.0051102 0.0055976 1.0964 0.96266 0.8594 0.96266
100 0.0063854 0.0055869 0.0051005 0.0055869 1.0865 0.95377 0.8513 0.95377
100.1 0.0063733 0.0055764 0.0050908 0.0055764 1.0767 0.94496 0.84326 0.94496
100.2 0.0063612 0.0055658 0.0050812 0.0055658 1.067 0.93621 0.83529 0.93621
100.3 0.0063492 0.0055553 0.0050716 0.0055553 1.0574 0.92753 0.82739 0.92753
100.4 0.0063372 0.0055448 0.005062 0.0055448 1.0479 0.91892 0.81955 0.91892
100.5 0.0063252 0.0055343 0.0050524 0.0055343 1.0384 0.91038 0.81177 0.91038
100.6 0.0063133 0.0055238 0.0050429 0.0055238 1.029 0.90191 0.80406 0.90191
100.7 0.0063014 0.0055134 0.0050334 0.0055134 1.0196 0.8935 0.79641 0.8935
100.8 0.0062895 0.005503 0.0050239 0.005503 1.0104 0.88516 0.78882 0.88516
100.9 0.0062777 0.0054927 0.0050144 0.0054927 1.0012 0.87688 0.78129 0.87688
101 0.0062658 0.0054823 0.005005 0.0054823 0.99203 0.86868 0.77383 0.86868
101.1 0.0062541 0.005472 0.0049956 0.005472 0.98298 0.86053 0.76643 0.86053
101.2 0.0062423 0.0054617 0.0049862 0.0054617 0.97399 0.85246 0.75909 0.85246
101.3 0.0062306 0.0054515 0.0049768 0.0054515 0.96507 0.84445 0.75181 0.84445
101.4 0.0062189 0.0054412 0.0049675 0.0054412 0.95622 0.8365 0.74459 0.8365
101.5 0.0062072 0.005431 0.0049581 0.005431 0.94744 0.82862 0.73743 0.82862
101.6 0.0061956 0.0054209 0.0049489 0.0054209 0.93873 0.8208 0.73033 0.8208
101.7 0.006184 0.0054107 0.0049396 0.0054107 0.93009 0.81304 0.72329 0.81304
101.8 0.0061724 0.0054006 0.0049303 0.0054006 0.92152 0.80535 0.71631 0.80535
101.9 0.0061609 0.0053905 0.0049211 0.0053905 0.91301 0.79772 0.70939 0.79772
102 0.0061494 0.0053804 0.0049119 0.0053804 0.90457 0.79015 0.70252 0.79015
102.1 0.0061379 0.0053704 0.0049028 0.0053704 0.89619 0.78264 0.69572 0.78264
102.2 0.0061264 0.0053603 0.0048936 0.0053603 0.88788 0.7752 0.68897 0.7752
102.3 0.006115 0.0053504 0.0048845 0.0053504 0.87964 0.76782 0.68228 0.76782
102.4 0.0061036 0.0053404 0.0048754 0.0053404 0.87146 0.76049 0.67564 0.76049
102.5 0.0060923 0.0053304 0.0048663 0.0053304 0.86335 0.75323 0.66907 0.75323
102.6 0.0060809 0.0053205 0.0048573 0.0053205 0.8553 0.74603 0.66254 0.74603
102.7 0.0060696 0.0053106 0.0048482 0.0053106 0.84732 0.73889 0.65608 0.73889
102.8 0.0060583 0.0053008 0.0048392 0.0053008 0.8394 0.73181 0.64967 0.73181
102.9 0.0060471 0.0052909 0.0048302 0.0052909 0.83155 0.72478 0.64331 0.72478
103 0.0060359 0.0052811 0.0048213 0.0052811 0.82375 0.71782 0.63701 0.71782
103.1 0.0060247 0.0052713 0.0048124 0.0052713 0.81602 0.71091 0.63076 0.71091
103.2 0.0060135 0.0052616 0.0048034 0.0052616 0.80836 0.70406 0.62457 0.70406
103.3 0.0060024 0.0052518 0.0047946 0.0052518 0.80075 0.69727 0.61843 0.69727
103.4 0.0059913 0.0052421 0.0047857 0.0052421 0.79321 0.69054 0.61234 0.69054
103.5 0.0059803 0.0052325 0.0047768 0.0052325 0.78572 0.68386 0.60631 0.68386
103.6 0.0059692 0.0052228 0.004768 0.0052228 0.7783 0.67724 0.60033 0.67724
103.7 0.0059582 0.0052132 0.0047592 0.0052132 0.77094 0.67067 0.5944 0.67067
103.8 0.0059472 0.0052035 0.0047505 0.0052035 0.76364 0.66416 0.58853 0.66416
103.9 0.0059363 0.005194 0.0047417 0.005194 0.7564 0.65771 0.5827 0.65771
104 0.0059253 0.0051844 0.004733 0.0051844 0.74922 0.65131 0.57693 0.65131
104.1 0.0059144 0.0051749 0.0047243 0.0051749 0.7421 0.64497 0.5712 0.64497
104.2 0.0059036 0.0051654 0.0047156 0.0051654 0.73504 0.63868 0.56553 0.63868
104.3 0.0058927 0.0051559 0.0047069 0.0051559 0.72803 0.63244 0.55991 0.63244
104.4 0.0058819 0.0051464 0.0046983 0.0051464 0.72108 0.62626 0.55433 0.62626
104.5 0.0058711 0.005137 0.0046897 0.005137 0.7142 0.62013 0.54881 0.62013
104.6 0.0058604 0.0051276 0.0046811 0.0051276 0.70736 0.61406 0.54333 0.61406
104.7 0.0058497 0.0051182 0.0046725 0.0051182 0.70059 0.60803 0.53791 0.60803
104.8 0.005839 0.0051088 0.004664 0.0051088 0.69387 0.60206 0.53253 0.60206
104.9 0.0058283 0.0050995 0.0046555 0.0050995 0.68721 0.59614 0.5272 0.59614
105 0.0058177 0.0050902 0.004647 0.0050902 0.6806 0.59027 0.52192 0.59027
105.1 0.005807 0.0050809 0.0046385 0.0050809 0.67405 0.58446 0.51668 0.58446
105.2 0.0057965 0.0050716 0.00463 0.0050716 0.66756 0.57869 0.5115 0.57869
105.3 0.0057859 0.0050624 0.0046216 0.0050624 0.66112 0.57298 0.50635 0.57298
105.4 0.0057754 0.0050532 0.0046132 0.0050532 0.65473 0.56731 0.50126 0.56731
105.5 0.0057649 0.005044 0.0046048 0.005044 0.6484 0.5617 0.49621 0.5617
105.6 0.0057544 0.0050348 0.0045964 0.0050348 0.64212 0.55613 0.49121 0.55613
105.7 0.0057439 0.0050257 0.0045881 0.0050257 0.6359 0.55061 0.48625 0.55061
105.8 0.0057335 0.0050166 0.0045798 0.0050166 0.62973 0.54514 0.48134 0.54514
105.9 0.0057231 0.0050075 0.0045715 0.0050075 0.62361 0.53972 0.47647 0.53972
106 0.0057128 0.0049984 0.0045632 0.0049984 0.61755 0.53435 0.47165 0.53435
106.1 0.0057024 0.0049894 0.0045549 0.0049894 0.61153 0.52903 0.46687 0.52903
106.2 0.0056921 0.0049803 0.0045467 0.0049803 0.60557 0.52375 0.46213 0.52375
106.3 0.0056818 0.0049713 0.0045385 0.0049713 0.59966 0.51852 0.45744 0.51852
106.4 0.0056716 0.0049624 0.0045303 0.0049624 0.5938 0.51334 0.45279 0.51334
106.5 0.0056613 0.0049534 0.0045221 0.0049534 0.58799 0.5082 0.44818 0.5082
106.6 0.0056511 0.0049445 0.0045139 0.0049445 0.58223 0.50311 0.44362 0.50311
106.7 0.005641 0.0049356 0.0045058 0.0049356 0.57652 0.49807 0.43909 0.49807
106.8 0.0056308 0.0049267 0.0044977 0.0049267 0.57087 0.49307 0.43461 0.49307
106.9 0.0056207 0.0049178 0.0044896 0.0049178 0.56526 0.48811 0.43017 0.48811
107 0.0056106 0.004909 0.0044816 0.004909 0.5597 0.48321 0.42577 0.48321
107.1 0.0056005 0.0049002 0.0044735 0.0049002 0.55418 0.47834 0.42142 0.47834
107.2 0.0055905 0.0048914 0.0044655 0.0048914 0.54872 0.47352 0.4171 0.47352
107.3 0.0055804 0.0048826 0.0044575 0.0048826 0.54331 0.46874 0.41282 0.46874
107.4 0.0055705 0.0048739 0.0044495 0.0048739 0.53794 0.46401 0.40859 0.46401
107.5 0.0055605 0.0048652 0.0044415 0.0048652 0.53262 0.45932 0.40439 0.45932
107.6 0.0055506 0.0048565 0.0044336 0.0048565 0.52734 0.45467 0.40023 0.45467
107.7 0.0055406 0.0048478 0.0044257 0.0048478 0.52212 0.45007 0.39611 0.45007
107.8 0.0055308 0.0048392 0.0044178 0.0048392 0.51694 0.4455 0.39203 0.4455
107.9 0.0055209 0.0048305 0.0044099 0.0048305 0.5118 0.44098 0.38799 0.44098
108 0.0055111 0.0048219 0.0044021 0.0048219 0.50671 0.4365 0.38399 0.4365
108.1 0.0055012 0.0048133 0.0043942 0.0048133 0.50167 0.43206 0.38002 0.43206
108.2 0.0054915 0.0048048 0.0043864 0.0048048 0.49667 0.42767 0.3761 0.42767
108.3 0.0054817 0.0047962 0.0043786 0.0047962 0.49172 0.42331 0.3722 0.42331
108.4 0.005472 0.0047877 0.0043708 0.0047877 0.48681 0.41899 0.36835 0.41899
108.5 0.0054623 0.0047792 0.0043631 0.0047792 0.48195 0.41472 0.36453 0.41472
108.6 0.0054526 0.0047708 0.0043554 0.0047708 0.47713 0.41048 0.36075 0.41048
108.7 0.0054429 0.0047623 0.0043477 0.0047623 0.47235 0.40628 0.35701 0.40628
108.8 0.0054333 0.0047539 0.00434 0.0047539 0.46761 0.40213 0.3533 0.40213
108.9 0.0054237 0.0047455 0.0043323 0.0047455 0.46292 0.39801 0.34962 0.39801
109 0.0054141 0.0047371 0.0043246 0.0047371 0.45827 0.39393 0.34598 0.39393
109.1 0.0054046 0.0047288 0.004317 0.0047288 0.45367 0.38988 0.34238 0.38988
109.2 0.0053951 0.0047204 0.0043094 0.0047204 0.4491 0.38588 0.33881 0.38588
109.3 0.0053855 0.0047121 0.0043018 0.0047121 0.44458 0.38191 0.33527 0.38191
109.4 0.0053761 0.0047038 0.0042942 0.0047038 0.44009 0.37798 0.33177 0.37798
109.5 0.0053666 0.0046955 0.0042867 0.0046955 0.43565 0.37409 0.32831 0.37409
109.6 0.0053572 0.0046873 0.0042792 0.0046873 0.43125 0.37023 0.32487 0.37023
109.7 0.0053478 0.0046791 0.0042716 0.0046791 0.42689 0.36641 0.32147 0.36641
109.8 0.0053384 0.0046709 0.0042642 0.0046709 0.42257 0.36263 0.3181 0.36263
109.9 0.0053291 0.0046627 0.0042567 0.0046627 0.41829 0.35888 0.31477 0.35888
110 0.0053197 0.0046545 0.0042492 0.0046545 0.41405 0.35517 0.31147 0.35517
110.1 0.0053104 0.0046464 0.0042418 0.0046464 0.40985 0.35149 0.3082 0.35149
110.2 0.0053012 0.0046383 0.0042344 0.0046383 0.40569 0.34785 0.30496 0.34785
110.3 0.0052919 0.0046302 0.004227 0.0046302 0.40156 0.34425 0.30175 0.34425
110.4 0.0052827 0.0046221 0.0042196 0.0046221 0.39747 0.34067 0.29857 0.34067
110.5 0.0052735 0.004614 0.0042123 0.004614 0.39343 0.33714 0.29543 0.33714
110.6 0.0052643 0.004606 0.0042049 0.004606 0.38942 0.33363 0.29232 0.33363
110.7 0.0052551 0.004598 0.0041976 0.004598 0.38544 0.33016 0.28923 0.33016
110.8 0.005246 0.00459 0.0041903 0.00459 0.38151 0.32672 0.28618 0.32672
110.9 0.0052369 0.004582 0.0041831 0.004582 0.37761 0.32332 0.28316 0.32332
111 0.0052278 0.0045741 0.0041758 0.0045741 0.37374 0.31995 0.28016 0.31995
111.1 0.0052188 0.0045662 0.0041686 0.0045662 0.36992 0.31661 0.2772 0.31661
111.2 0.0052097 0.0045583 0.0041614 0.0045583 0.36613 0.3133 0.27426 0.3133
111.3 0.0052007 0.0045504 0.0041542 0.0045504 0.36237 0.31003 0.27136 0.31003
111.4 0.0051917 0.0045425 0.004147 0.0045425 0.35865 0.30678 0.26848 0.30678
111.5 0.0051828 0.0045347 0.0041398 0.0045347 0.35497 0.30357 0.26563 0.30357
111.6 0.0051738 0.0045269 0.0041327 0.0045269 0.35132 0.30039 0.26281 0.30039
111.7 0.0051649 0.0045191 0.0041256 0.0045191 0.3477 0.29724 0.26002 0.29724
111.8 0.005156 0.0045113 0.0041185 0.0045113 0.34412 0.29412 0.25726 0.29412
111.9 0.0051471 0.0045035 0.0041114 0.0045035 0.34057 0.29104 0.25452 0.29104
112 0.0051383 0.0044958 0.0041043 0.0044958 0.33706 0.28798 0.25181 0.28798
112.1 0.0051295 0.0044881 0.0040973 0.0044881 0.33358 0.28495 0.24913 0.28495
112.2 0.0051207 0.0044804 0.0040902 0.0044804 0.33013 0.28195 0.24647 0.28195
112.3 0.0051119 0.0044727 0.0040832 0.0044727 0.32672 0.27898 0.24384 0.27898
112.4 0.0051032 0.004465 0.0040762 0.004465 0.32334 0.27604 0.24124 0.27604
112.5 0.0050944 0.0044574 0.0040693 0.0044574 0.31999 0.27313 0.23866 0.27313
112.6 0.0050857 0.0044498 0.0040623 0.0044498 0.31667 0.27025 0.23611 0.27025
112.7 0.0050771 0.0044422 0.0040554 0.0044422 0.31339 0.2674 0.23359 0.2674
112.8 0.0050684 0.0044346 0.0040485 0.0044346 0.31013 0.26457 0.23109 0.26457
112.9 0.0050598 0.0044271 0.0040416 0.0044271 0.30691 0.26177 0.22861 0.26177
113 0.0050512 0.0044195 0.0040347 0.0044195 0.30372 0.259 0.22616 0.259
113.1 0.0050426 0.004412 0.0040278 0.004412 0.30056 0.25626 0.22374 0.25626
113.2 0.005034 0.0044045 0.004021 0.0044045 0.29743 0.25354 0.22134 0.25354
113.3 0.0050255 0.004397 0.0040142 0.004397 0.29433 0.25086 0.21896 0.25086
113.4 0.0050169 0.0043896 0.0040074 0.0043896 0.29126 0.24819 0.21661 0.24819
113.5 0.0050084 0.0043822 0.0040006 0.0043822 0.28822 0.24556 0.21428 0.24556
113.6 0.005 0.0043747 0.0039938 0.0043747 0.28521 0.24295 0.21198 0.24295
113.7 0.0049915 0.0043674 0.0039871 0.0043674 0.28223 0.24037 0.2097 0.24037
113.8 0.0049831 0.00436 0.0039803 0.00436 0.27928 0.23781 0.20744 0.23781
113.9 0.0049747 0.0043526 0.0039736 0.0043526 0.27636 0.23528 0.20521 0.23528
114 0.0049663 0.0043453 0.0039669 0.0043453 0.27346 0.23277 0.20299 0.23277
114.1 0.004958 0.004338 0.0039603 0.004338 0.2706 0.23029 0.2008 0.23029
114.2 0.0049496 0.0043307 0.0039536 0.0043307 0.26776 0.22783 0.19864 0.22783
114.3 0.0049413 0.0043234 0.003947 0.0043234 0.26495 0.2254 0.19649 0.2254
114.4 0.004933 0.0043162 0.0039403 0.0043162 0.26217 0.223 0.19437 0.223
114.5 0.0049247 0.0043089 0.0039337 0.0043089 0.25941 0.22061 0.19227 0.22061
114.6 0.0049165 0.0043017 0.0039271 0.0043017 0.25668 0.21825 0.19019 0.21825
114.7 0.0049083 0.0042945 0.0039206 0.0042945 0.25398 0.21592 0.18813 0.21592
114.8 0.0049001 0.0042873 0.003914 0.0042873 0.25131 0.21361 0.18609 0.21361
114.9 0.0048919 0.0042802 0.0039075 0.0042802 0.24866 0.21132 0.18408 0.21132
115 0.0048837 0.004273 0.003901 0.004273 0.24604 0.20906 0.18208 0.20906
115.1 0.0048756 0.0042659 0.0038945 0.0042659 0.24344 0.20681 0.18011 0.20681
115.2 0.0048675 0.0042588 0.003888 0.0042588 0.24087 0.20459 0.17815 0.20459
115.3 0.0048594 0.0042517 0.0038815 0.0042517 0.23833 0.2024 0.17622 0.2024
115.4 0.0048513 0.0042447 0.0038751 0.0042447 0.23581 0.20022 0.17431 0.20022
115.5 0.0048433 0.0042376 0.0038686 0.0042376 0.23331 0.19807 0.17241 0.19807
115.6 0.0048352 0.0042306 0.0038622 0.0042306 0.23084 0.19594 0.17054 0.19594
115.7 0.0048272 0.0042236 0.0038558 0.0042236 0.2284 0.19383 0.16868 0.19383
115.8 0.0048192 0.0042166 0.0038494 0.0042166 0.22598 0.19175 0.16685 0.19175
115.9 0.0048113 0.0042096 0.0038431 0.0042096 0.22358 0.18968 0.16503 0.18968
116 0.0048033 0.0042027 0.0038367 0.0042027 0.22121 0.18764 0.16323 0.18764
116.1 0.0047954 0.0041958 0.0038304 0.0041958 0.21886 0.18561 0.16145 0.18561
116.2 0.0047875 0.0041889 0.0038241 0.0041889 0.21653 0.18361 0.15969 0.18361
116.3 0.0047796 0.004182 0.0038178 0.004182 0.21423 0.18163 0.15795 0.18163
116.4 0.0047718 0.0041751 0.0038115 0.0041751 0.21195 0.17967 0.15623 0.17967
116.5 0.0047639 0.0041682 0.0038053 0.0041682 0.2097 0.17773 0.15452 0.17773
116.6 0.0047561 0.0041614 0.003799 0.0041614 0.20746 0.1758 0.15283 0.1758
116.7 0.0047483 0.0041546 0.0037928 0.0041546 0.20525 0.1739 0.15116 0.1739
116.8 0.0047406 0.0041478 0.0037866 0.0041478 0.20307 0.17202 0.14951 0.17202
116.9 0.0047328 0.004141 0.0037804 0.004141 0.2009 0.17016 0.14787 0.17016
117 0.0047251 0.0041342 0.0037743 0.0041342 0.19875 0.16831 0.14625 0.16831
117.1 0.0047174 0.0041275 0.0037681 0.0041275 0.19663 0.16649 0.14465 0.16649
117.2 0.0047097 0.0041208 0.003762 0.0041208 0.19453 0.16468 0.14307 0.16468
117.3 0.004702 0.0041141 0.0037558 0.0041141 0.19245 0.1629 0.1415 0.1629
117.4 0.0046944 0.0041074 0.0037497 0.0041074 0.19039 0.16113 0.13995 0.16113
117.5 0.0046868 0.0041007 0.0037436 0.0041007 0.18835 0.15938 0.13841 0.15938
117.6 0.0046792 0.0040941 0.0037376 0.0040941 0.18634 0.15765 0.13689 0.15765
117.7 0.0046716 0.0040874 0.0037315 0.0040874 0.18434 0.15593 0.13539 0.15593
117.8 0.004664 0.0040808 0.0037255 0.0040808 0.18236 0.15424 0.1339 0.15424
117.9 0.0046565 0.0040742 0.0037195 0.0040742 0.18041 0.15256 0.13243 0.15256
118 0.004649 0.0040676 0.0037134 0.0040676 0.17847 0.1509 0.13098 0.1509
118.1 0.0046415 0.0040611 0.0037075 0.0040611 0.17656 0.14925 0.12954 0.14925
118.2 0.004634 0.0040545 0.0037015 0.0040545 0.17466 0.14763 0.12811 0.14763
118.3 0.0046265 0.004048 0.0036955 0.004048 0.17278 0.14602 0.1267 0.14602
118.4 0.0046191 0.0040415 0.0036896 0.0040415 0.17092 0.14443 0.12531 0.14443
118.5 0.0046117 0.004035 0.0036837 0.004035 0.16909 0.14285 0.12393 0.14285
118.6 0.0046043 0.0040285 0.0036777 0.0040285 0.16727 0.14129 0.12256 0.14129
118.7 0.0045969 0.0040221 0.0036719 0.0040221 0.16546 0.13975 0.12121 0.13975
118.8 0.0045895 0.0040156 0.003666 0.0040156 0.16368 0.13822 0.11987 0.13822
118.9 0.0045822 0.0040092 0.0036601 0.0040092 0.16192 0.13671 0.11855 0.13671
119 0.0045749 0.0040028 0.0036543 0.0040028 0.16017 0.13522 0.11724 0.13522
119.1 0.0045676 0.0039964 0.0036485 0.0039964 0.15844 0.13374 0.11595 0.13374
119.2 0.0045603 0.0039901 0.0036426 0.0039901 0.15673 0.13227 0.11467 0.13227
119.3 0.0045531 0.0039837 0.0036368 0.0039837 0.15504 0.13082 0.1134 0.13082
119.4 0.0045458 0.0039774 0.0036311 0.0039774 0.15336 0.12939 0.11215 0.12939
119.5 0.0045386 0.0039711 0.0036253 0.0039711 0.15171 0.12797 0.11091 0.12797
119.6 0.0045314 0.0039648 0.0036196 0.0039648 0.15006 0.12657 0.10968 0.12657
119.7 0.0045243 0.0039585 0.0036138 0.0039585 0.14844 0.12518 0.10847 0.12518
119.8 0.0045171 0.0039522 0.0036081 0.0039522 0.14683 0.12381 0.10726 0.12381
119.9 0.00451 0.003946 0.0036024 0.003946 0.14524 0.12245 0.10608 0.12245
120 0.0045028 0.0039398 0.0035967 0.0039398 0.14367 0.12111 0.1049 0.12111
120.1 0.0044957 0.0039336 0.0035911 0.0039336 0.14211 0.11978 0.10374 0.11978
120.2 0.0044887 0.0039274 0.0035854 0.0039274 0.14057 0.11846 0.10259 0.11846
120.3 0.0044816 0.0039212 0.0035798 0.0039212 0.13905 0.11716 0.10145 0.11716
120.4 0.0044746 0.003915 0.0035741 0.003915 0.13754 0.11587 0.10033 0.11587
120.5 0.0044676 0.0039089 0.0035685 0.0039089 0.13604 0.1146 0.099214 0.1146
120.6 0.0044606 0.0039028 0.0035629 0.0039028 0.13457 0.11333 0.098112 0.11333
120.7 0.0044536 0.0038967 0.0035574 0.0038967 0.1331 0.11209 0.097023 0.11209
120.8 0.0044466 0.0038906 0.0035518 0.0038906 0.13166 0.11085 0.095945 0.11085
120.9 0.0044397 0.0038845 0.0035463 0.0038845 0.13022 0.10963 0.094879 0.10963
121 0.0044328 0.0038785 0.0035407 0.0038785 0.12881 0.10842 0.093825 0.10842
121.1 0.0044259 0.0038724 0.0035352 0.0038724 0.1274 0.10723 0.092782 0.10723
121.2 0.004419 0.0038664 0.0035297 0.0038664 0.12602 0.10605 0.09175 0.10605
121.3 0.0044121 0.0038604 0.0035242 0.0038604 0.12464 0.10488 0.090729 0.10488
121.4 0.0044053 0.0038544 0.0035188 0.0038544 0.12329 0.10372 0.08972 0.10372
121.5 0.0043984 0.0038484 0.0035133 0.0038484 0.12194 0.10257 0.088721 0.10257
121.6 0.0043916 0.0038425 0.0035079 0.0038425 0.12061 0.10144 0.087733 0.10144
121.7 0.0043848 0.0038365 0.0035025 0.0038365 0.1193 0.10032 0.086756 0.10032
121.8 0.0043781 0.0038306 0.0034971 0.0038306 0.11799 0.099212 0.08579 0.099212
121.9 0.0043713 0.0038247 0.0034917 0.0038247 0.1167 0.098115 0.084834 0.098115
122 0.0043646 0.0038188 0.0034863 0.0038188 0.11543 0.09703 0.083888 0.09703
122.1 0.0043579 0.0038129 0.0034809 0.0038129 0.11417 0.095957 0.082953 0.095957
122.2 0.0043512 0.0038071 0.0034756 0.0038071 0.11292 0.094895 0.082027 0.094895
122.3 0.0043445 0.0038013 0.0034703 0.0038013 0.11169 0.093845 0.081112 0.093845
122.4 0.0043379 0.0037954 0.0034649 0.0037954 0.11046 0.092806 0.080207 0.092806
122.5 0.0043312 0.0037896 0.0034596 0.0037896 0.10925 0.091778 0.079311 0.091778
122.6 0.0043246 0.0037838 0.0034544 0.0037838 0.10806 0.090761 0.078426 0.090761
122.7 0.004318 0.0037781 0.0034491 0.0037781 0.10688 0.089755 0.07755 0.089755
122.8 0.0043114 0.0037723 0.0034438 0.0037723 0.1057 0.08876 0.076683 0.08876
122.9 0.0043049 0.0037666 0.0034386 0.0037666 0.10455 0.087776 0.075826 0.087776
123 0.0042983 0.0037608 0.0034334 0.0037608 0.1034 0.086802 0.074979 0.086802
123.1 0.0042918 0.0037551 0.0034282 0.0037551 0.10227 0.085839 0.07414 0.085839
123.2 0.0042853 0.0037494 0.003423 0.0037494 0.10114 0.084887 0.073311 0.084887
123.3 0.0042788 0.0037438 0.0034178 0.0037438 0.10003 0.083944 0.072491 0.083944
123.4 0.0042723 0.0037381 0.0034126 0.0037381 0.098935 0.083012 0.07168 0.083012
123.5 0.0042659 0.0037325 0.0034075 0.0037325 0.097849 0.08209 0.070877 0.08209
123.6 0.0042595 0.0037268 0.0034023 0.0037268 0.096774 0.081178 0.070084 0.081178
123.7 0.004253 0.0037212 0.0033972 0.0037212 0.09571 0.080275 0.069299 0.080275
123.8 0.0042466 0.0037156 0.0033921 0.0037156 0.094658 0.079383 0.068523 0.079383
123.9 0.0042403 0.00371 0.003387 0.00371 0.093618 0.0785 0.067755 0.0785
124 0.0042339 0.0037045 0.0033819 0.0037045 0.092588 0.077627 0.066996 0.077627
124.1 0.0042276 0.0036989 0.0033768 0.0036989 0.091569 0.076763 0.066245 0.076763
124.2 0.0042212 0.0036934 0.0033718 0.0036934 0.090561 0.075908 0.065502 0.075908
124.3 0.0042149 0.0036879 0.0033668 0.0036879 0.089564 0.075063 0.064767 0.075063
124.4 0.0042087 0.0036824 0.0033617 0.0036824 0.088578 0.074227 0.064041 0.074227
124.5 0.0042024 0.0036769 0.0033567 0.0036769 0.087602 0.073401 0.063322 0.073401
124.6 0.0041961 0.0036714 0.0033517 0.0036714 0.086636 0.072583 0.062612 0.072583
124.7 0.0041899 0.003666 0.0033467 0.003666 0.085681 0.071774 0.061909 0.071774
124.8 0.0041837 0.0036605 0.0033418 0.0036605 0.084737 0.070974 0.061214 0.070974
124.9 0.0041775 0.0036551 0.0033368 0.0036551 0.083802 0.070182 0.060526 0.070182
125 0.0041713 0.0036497 0.0033319 0.0036497 0.082877 0.069399 0.059846 0.069399
125.1 0.0041651 0.0036443 0.003327 0.0036443 0.081963 0.068625 0.059174 0.068625
125.2 0.004159 0.0036389 0.0033221 0.0036389 0.081058 0.067859 0.058509 0.067859
125.3 0.0041529 0.0036336 0.0033172 0.0036336 0.080163 0.067102 0.057851 0.067102
125.4 0.0041468 0.0036282 0.0033123 0.0036282 0.079277 0.066353 0.057201 0.066353
125.5 0.0041407 0.0036229 0.0033074 0.0036229 0.078401 0.065612 0.056557 0.065612
125.6 0.0041346 0.0036176 0.0033026 0.0036176 0.077535 0.064879 0.055921 0.064879
125.7 0.0041285 0.0036123 0.0032977 0.0036123 0.076678 0.064154 0.055292 0.064154
125.8 0.0041225 0.003607 0.0032929 0.003607 0.07583 0.063437 0.05467 0.063437
125.9 0.0041165 0.0036017 0.0032881 0.0036017 0.074991 0.062728 0.054055 0.062728
126 0.0041105 0.0035965 0.0032833 0.0035965 0.074161 0.062027 0.053446 0.062027
126.1 0.0041045 0.0035912 0.0032785 0.0035912 0.073341 0.061333 0.052844 0.061333
126.2 0.0040985 0.003586 0.0032737 0.003586 0.072529 0.060647 0.052249 0.060647
126.3 0.0040925 0.0035808 0.003269 0.0035808 0.071726 0.059969 0.051661 0.059969
126.4 0.0040866 0.0035756 0.0032642 0.0035756 0.070931 0.059297 0.051079 0.059297
126.5 0.0040807 0.0035704 0.0032595 0.0035704 0.070146 0.058634 0.050503 0.058634
126.6 0.0040748 0.0035652 0.0032548 0.0035652 0.069368 0.057977 0.049934 0.057977
126.7 0.0040689 0.0035601 0.0032501 0.0035601 0.068599 0.057328 0.049371 0.057328
126.8 0.004063 0.003555 0.0032454 0.003555 0.067839 0.056686 0.048815 0.056686
126.9 0.0040572 0.0035498 0.0032407 0.0035498 0.067087 0.056051 0.048264 0.056051
127 0.0040514 0.0035447 0.0032361 0.0035447 0.066343 0.055423 0.04772 0.055423
127.1 0.0040455 0.0035397 0.0032314 0.0035397 0.065606 0.054802 0.047181 0.054802
127.2 0.0040397 0.0035346 0.0032268 0.0035346 0.064878 0.054187 0.046649 0.054187
127.3 0.004034 0.0035295 0.0032222 0.0035295 0.064158 0.05358 0.046123 0.05358
127.4 0.0040282 0.0035245 0.0032176 0.0035245 0.063446 0.052979 0.045602 0.052979
127.5 0.0040224 0.0035194 0.003213 0.0035194 0.062741 0.052385 0.045087 0.052385
127.6 0.0040167 0.0035144 0.0032084 0.0035144 0.062044 0.051797 0.044578 0.051797
127.7 0.004011 0.0035094 0.0032038 0.0035094 0.061355 0.051216 0.044075 0.051216
127.8 0.0040053 0.0035044 0.0031993 0.0035044 0.060673 0.050641 0.043577 0.050641
127.9 0.0039996 0.0034995 0.0031948 0.0034995 0.059999 0.050073 0.043085 0.050073
128 0.0039939 0.0034945 0.0031902 0.0034945 0.059332 0.04951 0.042598 0.04951
128.1 0.0039883 0.0034896 0.0031857 0.0034896 0.058672 0.048954 0.042116 0.048954
128.2 0.0039827 0.0034846 0.0031812 0.0034846 0.058019 0.048405 0.04164 0.048405
128.3 0.0039771 0.0034797 0.0031767 0.0034797 0.057374 0.047861 0.04117 0.047861
128.4 0.0039715 0.0034748 0.0031723 0.0034748 0.056735 0.047323 0.040704 0.047323
128.5 0.0039659 0.00347 0.0031678 0.00347 0.056104 0.046791 0.040244 0.046791
128.6 0.0039603 0.0034651 0.0031634 0.0034651 0.055479 0.046265 0.039789 0.046265
128.7 0.0039548 0.0034602 0.0031589 0.0034602 0.054862 0.045745 0.039339 0.045745
128.8 0.0039492 0.0034554 0.0031545 0.0034554 0.054251 0.045231 0.038894 0.045231
128.9 0.0039437 0.0034506 0.0031501 0.0034506 0.053646 0.044722 0.038453 0.044722
129 0.0039382 0.0034457 0.0031457 0.0034457 0.053049 0.044219 0.038018 0.044219
129.1 0.0039327 0.003441 0.0031413 0.003441 0.052457 0.043722 0.037588 0.043722
129.2 0.0039273 0.0034362 0.003137 0.0034362 0.051873 0.04323 0.037162 0.04323
129.3 0.0039218 0.0034314 0.0031326 0.0034314 0.051294 0.042743 0.036742 0.042743
129.4 0.0039164 0.0034266 0.0031283 0.0034266 0.050722 0.042262 0.036326 0.042262
129.5 0.003911 0.0034219 0.0031239 0.0034219 0.050157 0.041786 0.035914 0.041786
129.6 0.0039056 0.0034172 0.0031196 0.0034172 0.049597 0.041316 0.035507 0.041316
129.7 0.0039002 0.0034125 0.0031153 0.0034125 0.049044 0.040851 0.035105 0.040851
129.8 0.0038948 0.0034078 0.003111 0.0034078 0.048496 0.04039 0.034707 0.04039
129.9 0.0038894 0.0034031 0.0031068 0.0034031 0.047955 0.039935 0.034314 0.039935
130 0.0038841 0.0033984 0.0031025 0.0033984 0.04742 0.039485 0.033925 0.039485
130.1 0.0038788 0.0033938 0.0030982 0.0033938 0.04689 0.039041 0.033541 0.039041
130.2 0.0038735 0.0033891 0.003094 0.0033891 0.046367 0.038601 0.03316 0.038601
130.3 0.0038682 0.0033845 0.0030898 0.0033845 0.045849 0.038165 0.032784 0.038165
130.4 0.0038629 0.0033799 0.0030856 0.0033799 0.045337 0.037735 0.032413 0.037735
130.5 0.0038577 0.0033753 0.0030814 0.0033753 0.04483 0.03731 0.032045 0.03731
130.6 0.0038524 0.0033707 0.0030772 0.0033707 0.044329 0.036889 0.031682 0.036889
130.7 0.0038472 0.0033661 0.003073 0.0033661 0.043833 0.036473 0.031322 0.036473
130.8 0.003842 0.0033615 0.0030688 0.0033615 0.043343 0.036061 0.030967 0.036061
130.9 0.0038368 0.003357 0.0030647 0.003357 0.042859 0.035654 0.030615 0.035654
131 0.0038316 0.0033525 0.0030606 0.0033525 0.042379 0.035252 0.030268 0.035252
131.1 0.0038264 0.003348 0.0030564 0.003348 0.041905 0.034854 0.029924 0.034854
131.2 0.0038213 0.0033435 0.0030523 0.0033435 0.041437 0.034461 0.029585 0.034461
131.3 0.0038162 0.003339 0.0030482 0.003339 0.040973 0.034072 0.029249 0.034072
131.4 0.003811 0.0033345 0.0030441 0.0033345 0.040514 0.033687 0.028917 0.033687
131.5 0.0038059 0.00333 0.0030401 0.00333 0.040061 0.033307 0.028588 0.033307
131.6 0.0038009 0.0033256 0.003036 0.0033256 0.039612 0.032931 0.028264 0.032931
131.7 0.0037958 0.0033211 0.0030319 0.0033211 0.039169 0.032559 0.027943 0.032559
131.8 0.0037907 0.0033167 0.0030279 0.0033167 0.03873 0.032191 0.027625 0.032191
131.9 0.0037857 0.0033123 0.0030239 0.0033123 0.038296 0.031827 0.027311 0.031827
132 0.0037807 0.0033079 0.0030199 0.0033079 0.037867 0.031467 0.027001 0.031467
132.1 0.0037757 0.0033035 0.0030159 0.0033035 0.037443 0.031112 0.026694 0.031112
132.2 0.0037707 0.0032992 0.0030119 0.0032992 0.037024 0.03076 0.026391 0.03076
132.3 0.0037657 0.0032948 0.0030079 0.0032948 0.036609 0.030412 0.026091 0.030412
132.4 0.0037607 0.0032905 0.0030039 0.0032905 0.036198 0.030069 0.025794 0.030069
132.5 0.0037558 0.0032861 0.003 0.0032861 0.035792 0.029729 0.025501 0.029729
132.6 0.0037509 0.0032818 0.0029961 0.0032818 0.035391 0.029392 0.025211 0.029392
132.7 0.0037459 0.0032775 0.0029921 0.0032775 0.034994 0.02906 0.024924 0.02906
132.8 0.003741 0.0032732 0.0029882 0.0032732 0.034602 0.028731 0.024641 0.028731
132.9 0.0037362 0.003269 0.0029843 0.003269 0.034214 0.028406 0.024361 0.028406
133 0.0037313 0.0032647 0.0029804 0.0032647 0.03383 0.028085 0.024083 0.028085
133.1 0.0037264 0.0032604 0.0029765 0.0032604 0.03345 0.027767 0.023809 0.027767
133.2 0.0037216 0.0032562 0.0029727 0.0032562 0.033075 0.027453 0.023539 0.027453
133.3 0.0037168 0.003252 0.0029688 0.003252 0.032704 0.027142 0.023271 0.027142
133.4 0.0037119 0.0032478 0.002965 0.0032478 0.032337 0.026835 0.023006 0.026835
133.5 0.0037072 0.0032436 0.0029611 0.0032436 0.031974 0.026531 0.022744 0.026531
133.6 0.0037024 0.0032394 0.0029573 0.0032394 0.031614 0.026231 0.022485 0.026231
133.7 0.0036976 0.0032352 0.0029535 0.0032352 0.031259 0.025934 0.022229 0.025934
133.8 0.0036929 0.0032311 0.0029497 0.0032311 0.030908 0.02564 0.021976 0.02564
133.9 0.0036881 0.0032269 0.0029459 0.0032269 0.030561 0.02535 0.021726 0.02535
134 0.0036834 0.0032228 0.0029422 0.0032228 0.030218 0.025062 0.021479 0.025062
134.1 0.0036787 0.0032187 0.0029384 0.0032187 0.029878 0.024778 0.021234 0.024778
134.2 0.003674 0.0032146 0.0029347 0.0032146 0.029543 0.024498 0.020992 0.024498
134.3 0.0036693 0.0032105 0.0029309 0.0032105 0.029211 0.02422 0.020753 0.02422
134.4 0.0036647 0.0032064 0.0029272 0.0032064 0.028882 0.023946 0.020517 0.023946
134.5 0.00366 0.0032023 0.0029235 0.0032023 0.028558 0.023674 0.020283 0.023674
134.6 0.0036554 0.0031983 0.0029198 0.0031983 0.028237 0.023406 0.020052 0.023406
134.7 0.0036508 0.0031942 0.0029161 0.0031942 0.027919 0.023141 0.019823 0.023141
134.8 0.0036462 0.0031902 0.0029124 0.0031902 0.027605 0.022878 0.019597 0.022878
134.9 0.0036416 0.0031862 0.0029088 0.0031862 0.027295 0.022619 0.019374 0.022619
135 0.003637 0.0031822 0.0029051 0.0031822 0.026988 0.022362 0.019153 0.022362
135.1 0.0036324 0.0031782 0.0029015 0.0031782 0.026684 0.022109 0.018935 0.022109
135.2 0.0036279 0.0031742 0.0028978 0.0031742 0.026384 0.021858 0.018719 0.021858
135.3 0.0036234 0.0031703 0.0028942 0.0031703 0.026087 0.02161 0.018506 0.02161
135.4 0.0036188 0.0031663 0.0028906 0.0031663 0.025793 0.021365 0.018295 0.021365
135.5 0.0036143 0.0031624 0.002887 0.0031624 0.025503 0.021123 0.018086 0.021123
135.6 0.0036099 0.0031585 0.0028834 0.0031585 0.025216 0.020883 0.01788 0.020883
135.7 0.0036054 0.0031545 0.0028799 0.0031545 0.024932 0.020646 0.017676 0.020646
135.8 0.0036009 0.0031506 0.0028763 0.0031506 0.024651 0.020412 0.017474 0.020412
135.9 0.0035965 0.0031468 0.0028727 0.0031468 0.024374 0.02018 0.017275 0.02018
136 0.0035921 0.0031429 0.0028692 0.0031429 0.024099 0.019951 0.017078 0.019951
136.1 0.0035876 0.003139 0.0028657 0.003139 0.023828 0.019725 0.016883 0.019725
136.2 0.0035832 0.0031352 0.0028622 0.0031352 0.02356 0.019501 0.016691 0.019501
136.3 0.0035789 0.0031313 0.0028587 0.0031313 0.023294 0.019279 0.0165 0.019279
136.4 0.0035745 0.0031275 0.0028552 0.0031275 0.023032 0.01906 0.016312 0.01906
136.5 0.0035701 0.0031237 0.0028517 0.0031237 0.022772 0.018844 0.016126 0.018844
136.6 0.0035658 0.0031199 0.0028482 0.0031199 0.022516 0.01863 0.015942 0.01863
136.7 0.0035614 0.0031161 0.0028448 0.0031161 0.022262 0.018418 0.01576 0.018418
136.8 0.0035571 0.0031123 0.0028413 0.0031123 0.022011 0.018209 0.01558 0.018209
136.9 0.0035528 0.0031086 0.0028379 0.0031086 0.021763 0.018002 0.015402 0.018002
137 0.0035485 0.0031048 0.0028345 0.0031048 0.021518 0.017798 0.015226 0.017798
137.1 0.0035443 0.0031011 0.002831 0.0031011 0.021275 0.017596 0.015053 0.017596
137.2 0.00354 0.0030973 0.0028276 0.0030973 0.021035 0.017396 0.014881 0.017396
137.3 0.0035358 0.0030936 0.0028242 0.0030936 0.020798 0.017198 0.014711 0.017198
137.4 0.0035315 0.0030899 0.0028209 0.0030899 0.020563 0.017003 0.014543 0.017003
137.5 0.0035273 0.0030862 0.0028175 0.0030862 0.020332 0.016809 0.014377 0.016809
