0 3.6594e-05 2.874e-05 3.0622e-05 4.7343e-05 70 70 70 70
0.1 3.6606e-05 2.8751e-05 3.0634e-05 4.7358e-05 70 70 70 70
0.2 3.6644e-05 2.8786e-05 3.0668e-05 4.7404e-05 70 70 70 70
0.3 3.6706e-05 2.8845e-05 3.0726e-05 4.748e-05 70 70 70 70
0.4 3.6794e-05 2.8927e-05 3.0807e-05 4.7586e-05 70 70 70 70
0.5 3.6906e-05 2.9033e-05 3.0911e-05 4.7723e-05 70 70 70 70
0.6 3.7044e-05 2.9162e-05 3.1038e-05 4.7891e-05 70 70 70 70
0.7 3.7207e-05 2.9315e-05 3.1189e-05 4.809e-05 70 70 70 70
0.8 3.7396e-05 2.9492e-05 3.1363e-05 4.832e-05 70 70 70 70
0.9 3.7611e-05 2.9694e-05 3.1562e-05 4.8581e-05 70 70 70 70
1 3.7851e-05 2.992e-05 3.1784e-05 4.8873e-05 70 70 70 70
1.1 3.8118e-05 3.0171e-05 3.2031e-05 4.9198e-05 70 70 70 70
1.2 3.8412e-05 3.0447e-05 3.2302e-05 4.9554e-05 70 70 70 70
1.3 3.8732e-05 3.0749e-05 3.2598e-05 4.9943e-05 70 70 70 70
1.4 3.9079e-05 3.1076e-05 3.292e-05 5.0365e-05 70 70 70 70
1.5 3.9454e-05 3.1429e-05 3.3267e-05 5.082e-05 70 70 70 70
1.6 3.9856e-05 3.181e-05 3.364e-05 5.1309e-05 70 70 70 70
1.7 4.0287e-05 3.2217e-05 3.404e-05 5.1832e-05 70 70 70 70
1.8 4.0747e-05 3.2652e-05 3.4466e-05 5.239e-05 70 70 70 70
1.9 4.1236e-05 3.3115e-05 3.492e-05 5.2983e-05 70 70 70 70
2 4.1754e-05 3.3607e-05 3.5402e-05 5.3612e-05 70 70 70 70
2.1 4.2303e-05 3.4128e-05 3.5912e-05 5.4277e-05 70 70 70 70
2.2 4.2882e-05 3.4679e-05 3.6451e-05 5.4979e-05 70 70 70 70
2.3 4.3493e-05 3.5261e-05 3.702e-05 5.5719e-05 70 70 70 70
2.4 4.4136e-05 3.5875e-05 3.7619e-05 5.6497e-05 70 70 70 70
2.5 4.4812e-05 3.652e-05 3.8249e-05 5.7315e-05 70 70 70 70
2.6 4.5521e-05 3.7198e-05 3.891e-05 5.8173e-05 70 70 70 70
2.7 4.6264e-05 3.791e-05 3.9604e-05 5.9071e-05 70 70 70 70
2.8 4.7042e-05 3.8657e-05 4.0332e-05 6.0011e-05 70 70 70 70
2.9 4.7856e-05 3.9439e-05 4.1093e-05 6.0994e-05 70 70 70 70
3 4.8706e-05 4.0258e-05 4.1889e-05 6.202e-05 70 70 70 70
3.1 4.9594e-05 4.1114e-05 4.2721e-05 6.3091e-05 70 70 70 70
3.2 5.052e-05 4.2009e-05 4.359e-05 6.4208e-05 70 70 70 70
3.3 5.1486e-05 4.2944e-05 4.4497e-05 6.5371e-05 70 70 70 70
3.4 5.2491e-05 4.392e-05 4.5443e-05 6.6582e-05 70 70 70 70
3.5 5.3538e-05 4.4938e-05 4.6428e-05 6.7843e-05 70 70 70 70
3.6 5.4628e-05 4.5999e-05 4.7455e-05 6.9153e-05 70 70 70 70
3.7 5.5761e-05 4.7105e-05 4.8523e-05 7.0515e-05 70 70 70 70
3.8 5.6939e-05 4.8257e-05 4.9636e-05 7.193e-05 70 70 70 70
3.9 5.8163e-05 4.9456e-05 5.0793e-05 7.3399e-05 70 70 70 70
4 5.9434e-05 5.0705e-05 5.1996e-05 7.4924e-05 70 70 70 70
4.1 6.0754e-05 5.2004e-05 5.3246e-05 7.6507e-05 70 70 70 70
4.2 6.2124e-05 5.3355e-05 5.4546e-05 7.8148e-05 70 70 70 70
4.3 6.3545e-05 5.4761e-05 5.5896e-05 7.9849e-05 70 70 70 70
4.4 6.5019e-05 5.6222e-05 5.7298e-05 8.1613e-05 70 70 70 70
4.5 6.6548e-05 5.7741e-05 5.8754e-05 8.344e-05 70 70 70 70
4.6 6.8133e-05 5.9319e-05 6.0265e-05 8.5333e-05 70 70 70 70
4.7 6.9776e-05 6.0959e-05 6.1833e-05 8.7294e-05 70 70 70 70
4.8 7.1478e-05 6.2662e-05 6.346e-05 8.9324e-05 70 70 70 70
4.9 7.3241e-05 6.4431e-05 6.5149e-05 9.1426e-05 70 70 70 70
5 7.5068e-05 6.6268e-05 6.69e-05 9.3601e-05 70 70 70 70
5.1 7.696e-05 6.8176e-05 6.8715e-05 9.5852e-05 70 70 70 70
5.2 7.8919e-05 7.0156e-05 7.0598e-05 9.8182e-05 70 70 70 70
5.3 8.0947e-05 7.2212e-05 7.2551e-05 0.00010059 70 70 70 70
5.4 8.3047e-05 7.4345e-05 7.4574e-05 0.00010308 70 70 70 70
5.5 8.522e-05 7.6559e-05 7.6672e-05 0.00010566 70 70 70 70
5.6 8.747e-05 7.8857e-05 7.8846e-05 0.00010833 70 70 70 70
5.7 8.9797e-05 8.1241e-05 8.1099e-05 0.00011108 70 70 70 70
5.8 9.2206e-05 8.3715e-05 8.3434e-05 0.00011393 70 70 70 70
5.9 9.4698e-05 8.6281e-05 8.5854e-05 0.00011688 70 70 70 70
6 9.7276e-05 8.8943e-05 8.836e-05 0.00011992 70 70 70 70
6.1 9.9943e-05 9.1705e-05 9.0957e-05 0.00012307 70 70 70 70
6.2 0.0001027 9.457e-05 9.3648e-05 0.00012632 70 70 70 70
6.3 0.00010556 9.7542e-05 9.6435e-05 0.00012968 70 70 70 70
6.4 0.00010851 0.00010062 9.9321e-05 0.00013315 70 70 70 70
6.5 0.00011156 0.00010382 0.00010231 0.00013674 70 70 70 70
6.6 0.00011472 0.00010714 0.00010541 0.00014045 70 70 70 70
6.7 0.00011798 0.00011058 0.00010862 0.00014428 70 70 70 70
6.8 0.00012136 0.00011414 0.00011194 0.00014824 70 70 70 70
6.9 0.00012485 0.00011784 0.00011538 0.00015233 70 70 70 70
7 0.00012846 0.00012168 0.00011895 0.00015655 70 70 70 70
7.1 0.00013219 0.00012565 0.00012264 0.00016091 70 70 70 70
7.2 0.00013605 0.00012978 0.00012646 0.00016542 70 70 70 70
7.3 0.00014004 0.00013406 0.00013042 0.00017008 70 70 70 70
7.4 0.00014416 0.00013849 0.00013452 0.00017488 70 70 70 70
7.5 0.00014842 0.00014309 0.00013876 0.00017985 70 70 70 70
7.6 0.00015283 0.00014786 0.00014316 0.00018498 70 70 70 70
7.7 0.00015739 0.00015281 0.00014771 0.00019028 70 70 70 70
7.8 0.00016211 0.00015794 0.00015242 0.00019575 70 70 70 70
7.9 0.00016698 0.00016326 0.00015731 0.00020141 70 70 70 70
8 0.00017202 0.00016878 0.00016236 0.00020724 70 70 70 70
8.1 0.00017722 0.0001745 0.0001676 0.00021327 70 70 70 70
8.2 0.00018261 0.00018043 0.00017302 0.0002195 70 70 70 70
8.3 0.00018817 0.00018659 0.00017863 0.00022593 70 70 70 70
8.4 0.00019393 0.00019297 0.00018445 0.00023258 70 70 70 70
8.5 0.00019988 0.00019958 0.00019047 0.00023944 70 70 70 70
8.6 0.00020603 0.00020645 0.00019671 0.00024652 70 70 70 70
8.7 0.00021239 0.00021357 0.00020316 0.00025384 70 70 70 70
8.8 0.00021896 0.00022095 0.00020985 0.0002614 70 70 70 70
8.9 0.00022576 0.0002286 0.00021678 0.00026921 70 70 70 70
9 0.00023278 0.00023654 0.00022395 0.00027727 70 70 70 70
9.1 0.00024005 0.00024478 0.00023138 0.0002856 70 70 70 70
9.2 0.00024756 0.00025332 0.00023907 0.0002942 70 70 70 70
9.3 0.00025532 0.00026217 0.00024704 0.00030308 70 70 70 70
9.4 0.00026335 0.00027136 0.00025529 0.00031226 70 70 70 70
9.5 0.00027165 0.00028089 0.00026383 0.00032173 70 70 70 70
9.6 0.00028023 0.00029078 0.00027268 0.00033152 70 70 70 70
9.7 0.0002891 0.00030103 0.00028185 0.00034163 70 70 70 70
9.8 0.00029828 0.00031166 0.00029134 0.00035207 70 70 70 70
9.9 0.00030776 0.00032269 0.00030118 0.00036285 70 70 70 70
10 0.00031757 0.00033413 0.00031136 0.00037399 70 70 70 70
10.1 0.00032771 0.000346 0.00032191 0.00038549 70 70 70 70
10.2 0.00033819 0.00035831 0.00033284 0.00039738 70 70 70 70
10.3 0.00034904 0.00037109 0.00034416 0.00040965 70 70 70 70
10.4 0.00036025 0.00038433 0.00035588 0.00042233 70 70 70 70
10.5 0.00037184 0.00039808 0.00036803 0.00043543 70 70 70 70
10.6 0.00038382 0.00041234 0.00038061 0.00044896 70 70 70 70
10.7 0.00039622 0.00042713 0.00039364 0.00046293 70 70 70 70
10.8 0.00040903 0.00044248 0.00040714 0.00047736 70 70 70 70
10.9 0.00042229 0.0004584 0.00042113 0.00049228 70 70 70 70
11 0.00043599 0.00047491 0.00043561 0.00050768 70 70 70 70
11.1 0.00045017 0.00049205 0.00045062 0.00052359 70 70 70 70
11.2 0.00046482 0.00050983 0.00046617 0.00054003 70 70 70 70
11.3 0.00047998 0.00052828 0.00048228 0.00055701 70 70 70 70
11.4 0.00049566 0.00054742 0.00049896 0.00057456 70 70 70 70
11.5 0.00051187 0.00056728 0.00051625 0.00059268 70 70 70 70
11.6 0.00052863 0.00058789 0.00053416 0.0006114 70 70 70 70
11.7 0.00054597 0.00060927 0.00055272 0.00063075 70 70 70 70
11.8 0.0005639 0.00063146 0.00057195 0.00065073 70 70 70 70
11.9 0.00058245 0.00065448 0.00059187 0.00067138 70 70 70 70
12 0.00060163 0.00067837 0.00061251 0.00069271 70 70 70 70
12.1 0.00062147 0.00070316 0.0006339 0.00071475 70 70 70 70
12.2 0.00064199 0.00072888 0.00065605 0.00073752 70 70 70 70
12.3 0.00066321 0.00075558 0.00067902 0.00076105 70 70 70 70
12.4 0.00068517 0.00078328 0.00070281 0.00078536 70 70 70 70
12.5 0.00070787 0.00081203 0.00072746 0.00081047 70 70 70 70
12.6 0.00073136 0.00084187 0.00075301 0.00083642 70 70 70 70
12.7 0.00075565 0.00087283 0.00077948 0.00086324 70 70 70 70
12.8 0.00078078 0.00090497 0.00080691 0.00089095 70 70 70 70
12.9 0.00080678 0.00093832 0.00083534 0.00091958 70 70 70 70
13 0.00083367 0.00097294 0.00086479 0.00094916 70 70 70 70
13.1 0.00086148 0.0010089 0.00089532 0.00097973 70 70 70 70
13.2 0.00089025 0.0010462 0.00092696 0.0010113 70 70 70 70
13.3 0.00092002 0.0010849 0.00095974 0.001044 70 70 70 70
13.4 0.00095081 0.001125 0.00099372 0.0010777 70 70 70 70
13.5 0.00098266 0.0011667 0.0010289 0.0011125 70 70 70 70
13.6 0.0010156 0.00121 0.0010654 0.0011486 70 70 70 70
13.7 0.0010497 0.0012549 0.0011033 0.0011858 70 70 70 70
13.8 0.001085 0.0013015 0.0011425 0.0012243 70 70 70 70
13.9 0.0011215 0.0013499 0.0011831 0.001264 70 70 70 70
14 0.0011592 0.0014002 0.0012252 0.0013051 70 70 70 70
14.1 0.0011983 0.0014523 0.0012688 0.0013476 70 70 70 70
14.2 0.0012387 0.0015065 0.0013141 0.0013915 70 70 70 70
14.3 0.0012805 0.0015627 0.001361 0.0014368 70 70 70 70
14.4 0.0013237 0.001621 0.0014096 0.0014837 70 70 70 70
14.5 0.0013685 0.0016816 0.00146 0.0015321 70 70 70 70
14.6 0.0014148 0.0017445 0.0015122 0.0015822 70 70 70 70
14.7 0.0014627 0.0018097 0.0015663 0.001634 70 70 70 70
14.8 0.0015123 0.0018775 0.0016224 0.0016875 70 70 70 70
14.9 0.0015636 0.0019478 0.0016806 0.0017427 70 70 70 70
15 0.0016166 0.0020209 0.0017409 0.0017999 70 70 70 70
15.1 0.0016716 0.0020967 0.0018034 0.0018589 70 70 70 70
15.2 0.0017284 0.0021754 0.0018681 0.00192 70 70 70 70
15.3 0.0017872 0.0022572 0.0019353 0.0019831 70 70 70 70
15.4 0.001848 0.002342 0.0020049 0.0020483 70 70 70 70
15.5 0.001911 0.0024302 0.0020771 0.0021158 70 70 70 70
15.6 0.0019762 0.0025216 0.0021519 0.0021855 70 70 70 70
15.7 0.0020436 0.0026166 0.0022295 0.0022575 70 70 70 70
15.8 0.0021134 0.0027153 0.0023099 0.002332 70 70 70 70
15.9 0.0021856 0.0028177 0.0023933 0.002409 70 70 70 70
16 0.0022603 0.002924 0.0024798 0.0024885 70 70 70 70
16.1 0.0023376 0.0030344 0.0025694 0.0025708 70 70 70 70
16.2 0.0024176 0.0031491 0.0026623 0.0026559 70 70 70 70
16.3 0.0025005 0.0032681 0.0027586 0.0027438 70 70 70 70
16.4 0.0025862 0.0033918 0.0028585 0.0028347 70 70 70 70
16.5 0.0026749 0.0035201 0.0029621 0.0029286 70 70 70 70
16.6 0.0027667 0.0036534 0.0030695 0.0030258 70 70 70 70
16.7 0.0028617 0.0037919 0.0031808 0.0031262 70 70 70 70
16.8 0.00296 0.0039356 0.0032962 0.00323 70 70 70 70
16.9 0.0030618 0.0040849 0.0034159 0.0033373 70 70 70 70
17 0.0031671 0.0042399 0.00354 0.0034483 70 70 70 70
17.1 0.0032762 0.0044009 0.0036687 0.003563 70 70 70 70
17.2 0.003389 0.0045681 0.0038021 0.0036817 70 70 70 70
17.3 0.0035058 0.0047417 0.0039405 0.0038043 70 70 70 70
17.4 0.0036267 0.0049221 0.004084 0.0039311 70 70 70 70
17.5 0.0037518 0.0051093 0.0042327 0.0040622 70 70 70 70
17.6 0.0038813 0.0053038 0.004387 0.0041977 70 70 70 70
17.7 0.0040153 0.0055058 0.004547 0.0043379 70 70 70 70
17.8 0.0041541 0.0057156 0.0047128 0.0044828 70 70 70 70
17.9 0.0042977 0.0059335 0.0048849 0.0046326 70 70 70 70
18 0.0044464 0.0061598 0.0050632 0.0047875 70 70 70 70
18.1 0.0046003 0.0063948 0.0052482 0.0049477 70 70 70 70
18.2 0.0047596 0.0066389 0.0054401 0.0051133 70 70 70 70
18.3 0.0049244 0.0068924 0.005639 0.0052845 70 70 70 70
18.4 0.0050951 0.0071558 0.0058453 0.0054616 70 70 70 70
18.5 0.0052718 0.0074293 0.0060593 0.0056447 70 70 70 70
18.6 0.0054547 0.0077134 0.0062812 0.0058341 70 70 70 70
18.7 0.005644 0.0080084 0.0065113 0.0060298 70 69.722 70 70
18.8 0.00584 0.0083019 0.00675 0.0062323 70 69.446 70 70
18.9 0.0060429 0.0085939 0.0069975 0.0064416 70 69.171 70 70
19 0.006253 0.0088843 0.0072542 0.0066581 70 68.897 70 70
19.1 0.0064704 0.0091732 0.0075204 0.006882 70 68.625 70 70
19.2 0.0066955 0.0094606 0.0077965 0.0071135 70 68.355 70 70
19.3 0.0069285 0.0097464 0.0080829 0.0073529 70 68.085 70 70
19.4 0.0071698 0.010031 0.0083799 0.0076005 70 67.817 70 70
19.5 0.0074196 0.010314 0.008688 0.0078565 70 67.551 70 70
19.6 0.0076781 0.010595 0.0090075 0.0081212 70 67.286 70 70
19.7 0.0079458 0.010875 0.0093389 0.008395 70 67.022 70 70
19.8 0.008223 0.011154 0.0096826 0.0086782 70 66.76 70 70
19.9 0.0085099 0.011431 0.010039 0.008971 70 66.499 69.729 70
20 0.0088069 0.011707 0.010394 0.0092738 70 66.239 69.459 70
20.1 0.0091145 0.011982 0.010747 0.009587 70 65.98 69.19 70
20.2 0.0094329 0.012255 0.011098 0.0099109 70 65.723 68.923 70
20.3 0.0097626 0.012526 0.011447 0.010246 70 65.467 68.657 70
20.4 0.010104 0.012797 0.011795 0.010592 70 65.212 68.392 70
20.5 0.010457 0.013066 0.012141 0.010951 70 64.959 68.129 70
20.6 0.010823 0.013334 0.012486 0.011321 70 64.707 67.867 70
20.7 0.011202 0.0136 0.012828 0.011704 70 64.456 67.606 70
20.8 0.011594 0.013865 0.013169 0.012101 70 64.206 67.347 70
20.9 0.012 0.014129 0.013509 0.012511 70 63.957 67.089 70
21 0.012421 0.014392 0.013847 0.012935 70 63.71 66.831 70
21.1 0.012856 0.014654 0.014183 0.013373 70 63.464 66.576 70
21.2 0.013307 0.014914 0.014517 0.013827 70 63.219 66.321 70
21.3 0.013774 0.015173 0.01485 0.014296 70 62.975 66.068 70
21.4 0.014257 0.015431 0.015182 0.014781 70 62.732 65.815 70
21.5 0.014758 0.015687 0.015512 0.015283 70 62.491 65.564 70
21.6 0.015276 0.015942 0.01584 0.015802 69.737 62.25 65.315 70
21.7 0.015792 0.016197 0.016167 0.016339 69.475 62.011 65.066 70
21.8 0.016305 0.01645 0.016492 0.016895 69.214 61.772 64.818 70
21.9 0.016817 0.016702 0.016816 0.017469 68.955 61.535 64.572 70
22 0.017325 0.016952 0.017139 0.018063 68.696 61.299 64.326 70
22.1 0.017832 0.017202 0.01746 0.018678 68.439 61.064 64.082 70
22.2 0.018336 0.01745 0.017779 0.019313 68.183 60.83 63.839 70
22.3 0.018838 0.017698 0.018097 0.019971 67.928 60.597 63.597 70
22.4 0.019338 0.017944 0.018414 0.020651 67.675 60.365 63.356 70
22.5 0.019835 0.018189 0.018729 0.021355 67.422 60.134 63.116 70
22.6 0.02033 0.018433 0.019043 0.022083 67.171 59.904 62.878 70
22.7 0.020824 0.018676 0.019355 0.022835 66.92 59.676 62.64 70
22.8 0.021314 0.018918 0.019666 0.023614 66.671 59.448 62.403 69.742
22.9 0.021803 0.019159 0.019976 0.02439 66.423 59.221 62.167 69.485
23 0.02229 0.019399 0.020284 0.025162 66.176 58.995 61.933 69.229
23.1 0.022774 0.019637 0.020591 0.02593 65.93 58.77 61.699 68.975
23.2 0.023257 0.019875 0.020897 0.026695 65.685 58.546 61.467 68.721
23.3 0.023737 0.020112 0.021201 0.027457 65.441 58.324 61.235 68.469
23.4 0.024215 0.020347 0.021504 0.028216 65.198 58.102 61.004 68.218
23.5 0.024692 0.020582 0.021806 0.028972 64.956 57.881 60.775 67.967
23.6 0.025166 0.020816 0.022107 0.029724 64.715 57.66 60.546 67.718
23.7 0.025638 0.021048 0.022406 0.030473 64.476 57.441 60.318 67.47
23.8 0.026108 0.02128 0.022704 0.031219 64.237 57.223 60.092 67.223
23.9 0.026577 0.021511 0.023001 0.031962 63.999 57.006 59.866 66.977
24 0.027043 0.021741 0.023296 0.032702 63.762 56.789 59.641 66.732
24.1 0.027507 0.02197 0.02359 0.033438 63.527 56.574 59.417 66.488
24.2 0.02797 0.022197 0.023883 0.034172 63.292 56.359 59.194 66.245
24.3 0.02843 0.022424 0.024175 0.034902 63.058 56.146 58.972 66.003
24.4 0.028889 0.02265 0.024466 0.03563 62.825 55.933 58.751 65.761
24.5 0.029346 0.022875 0.024755 0.036355 62.593 55.721 58.531 65.521
24.6 0.029801 0.0231 0.025044 0.037076 62.362 55.51 58.311 65.282
24.7 0.030254 0.023323 0.025331 0.037795 62.132 55.299 58.093 65.044
24.8 0.030705 0.023545 0.025617 0.038511 61.903 55.09 57.875 64.807
24.9 0.031154 0.023767 0.025901 0.039224 61.675 54.881 57.659 64.571
25 0.031602 0.023987 0.026185 0.039934 61.447 54.674 57.443 64.336
25.1 0.032048 0.024207 0.026467 0.040641 61.221 54.467 57.228 64.101
25.2 0.03247 0.024414 0.026734 0.041312 60.996 54.261 57.014 63.868
25.3 0.032869 0.024608 0.026986 0.041948 60.771 54.055 56.8 63.636
25.4 0.033245 0.02479 0.027221 0.042548 60.547 53.851 56.588 63.404
25.5 0.033597 0.02496 0.027441 0.043112 60.325 53.647 56.377 63.174
25.6 0.033926 0.025117 0.027646 0.043641 60.103 53.445 56.166 62.944
25.7 0.034233 0.025261 0.027836 0.044134 59.882 53.243 55.956 62.716
25.8 0.034516 0.025394 0.02801 0.044593 59.662 53.041 55.747 62.488
25.9 0.034777 0.025514 0.028169 0.045017 59.443 52.841 55.539 62.261
26 0.035015 0.025621 0.028313 0.045406 59.224 52.641 55.331 62.035
26.1 0.03523 0.025717 0.028442 0.04576 59.007 52.443 55.125 61.81
26.2 0.035423 0.025801 0.028555 0.04608 58.79 52.244 54.919 61.586
26.3 0.035594 0.025872 0.028654 0.046366 58.574 52.047 54.714 61.363
26.4 0.035742 0.025931 0.028738 0.046617 58.359 51.851 54.51 61.14
26.5 0.035868 0.025979 0.028807 0.046835 58.145 51.655 54.306 60.919
26.6 0.035972 0.026015 0.028862 0.047018 57.932 51.46 54.104 60.698
26.7 0.036053 0.026038 0.028901 0.047168 57.72 51.265 53.902 60.479
26.8 0.036113 0.02605 0.028926 0.047284 57.508 51.072 53.701 60.26
26.9 0.036151 0.02605 0.028937 0.047367 57.297 50.879 53.5 60.042
27 0.036167 0.026039 0.028933 0.047416 57.087 50.687 53.301 59.824
27.1 0.036162 0.026015 0.028914 0.047433 56.878 50.496 53.102 59.608
27.2 0.036135 0.025981 0.028881 0.047416 56.669 50.305 52.904 59.392
27.3 0.036086 0.025934 0.028834 0.047366 56.462 50.115 52.707 59.178
27.4 0.036016 0.025876 0.028773 0.047283 56.255 49.926 52.51 58.964
27.5 0.035925 0.025807 0.028697 0.047168 56.049 49.737 52.314 58.751
27.6 0.035812 0.025726 0.028607 0.04702 55.843 49.549 52.119 58.538
27.7 0.0357 0.025645 0.028517 0.046873 55.639 49.362 51.925 58.327
27.8 0.035589 0.025565 0.028428 0.046726 55.435 49.175 51.731 58.116
27.9 0.035477 0.025485 0.028339 0.04658 55.232 48.99 51.538 57.906
28 0.035367 0.025406 0.028251 0.046435 55.029 48.805 51.346 57.697
28.1 0.035257 0.025327 0.028163 0.046291 54.828 48.62 51.154 57.488
28.2 0.035147 0.025248 0.028075 0.046147 54.627 48.436 50.963 57.281
28.3 0.035038 0.02517 0.027988 0.046004 54.427 48.253 50.773 57.074
28.4 0.034929 0.025092 0.027902 0.045861 54.227 48.071 50.583 56.867
28.5 0.034821 0.025014 0.027815 0.045719 54.028 47.889 50.395 56.662
28.6 0.034714 0.024937 0.027729 0.045578 53.83 47.708 50.206 56.457
28.7 0.034606 0.02486 0.027644 0.045437 53.633 47.527 50.019 56.253
28.8 0.0345 0.024783 0.027558 0.045297 53.436 47.347 49.832 56.05
28.9 0.034394 0.024707 0.027474 0.045157 53.24 47.168 49.646 55.847
29 0.034288 0.024631 0.027389 0.045019 53.045 46.99 49.46 55.645
29.1 0.034183 0.024555 0.027305 0.04488 52.851 46.812 49.275 55.444
29.2 0.034078 0.02448 0.027221 0.044743 52.657 46.634 49.091 55.244
29.3 0.033973 0.024405 0.027138 0.044606 52.463 46.457 48.908 55.044
29.4 0.03387 0.02433 0.027055 0.044469 52.271 46.281 48.725 54.845
29.5 0.033766 0.024256 0.026972 0.044334 52.079 46.106 48.542 54.647
29.6 0.033663 0.024182 0.02689 0.044198 51.888 45.931 48.361 54.449
29.7 0.033561 0.024108 0.026808 0.044064 51.697 45.757 48.18 54.252
29.8 0.033459 0.024035 0.026727 0.04393 51.507 45.583 47.999 54.056
29.9 0.033357 0.023962 0.026645 0.043796 51.318 45.41 47.819 53.86
30 0.033256 0.023889 0.026565 0.043663 51.13 45.237 47.64 53.665
30.1 0.033155 0.023817 0.026484 0.043531 50.942 45.065 47.462 53.471
30.2 0.033055 0.023745 0.026404 0.043399 50.754 44.894 47.284 53.277
30.3 0.032955 0.023673 0.026324 0.043268 50.568 44.723 47.106 53.084
30.4 0.032855 0.023602 0.026245 0.043138 50.382 44.553 46.929 52.892
30.5 0.032756 0.02353 0.026166 0.043008 50.196 44.384 46.753 52.7
30.6 0.032658 0.02346 0.026087 0.042878 50.011 44.214 46.578 52.509
30.7 0.032559 0.023389 0.026008 0.042749 49.827 44.046 46.403 52.318
30.8 0.032462 0.023319 0.02593 0.042621 49.644 43.878 46.228 52.128
30.9 0.032364 0.023249 0.025852 0.042493 49.461 43.711 46.054 51.939
31 0.032267 0.023179 0.025775 0.042366 49.278 43.544 45.881 51.751
31.1 0.032171 0.02311 0.025698 0.042239 49.096 43.378 45.708 51.563
31.2 0.032075 0.023041 0.025621 0.042113 48.915 43.212 45.536 51.375
31.3 0.031979 0.022972 0.025545 0.041987 48.735 43.047 45.365 51.189
31.4 0.031884 0.022904 0.025469 0.041862 48.555 42.882 45.194 51.003
31.5 0.031789 0.022835 0.025393 0.041737 48.375 42.718 45.023 50.817
31.6 0.031694 0.022767 0.025317 0.041613 48.196 42.555 44.853 50.632
31.7 0.0316 0.0227 0.025242 0.04149 48.018 42.391 44.684 50.448
31.8 0.031506 0.022632 0.025167 0.041367 47.84 42.229 44.515 50.264
31.9 0.031413 0.022565 0.025093 0.041244 47.663 42.067 44.347 50.081
32 0.03132 0.022499 0.025018 0.041122 47.487 41.906 44.179 49.898
32.1 0.031227 0.022432 0.024944 0.041 47.311 41.745 44.012 49.716
32.2 0.031135 0.022366 0.024871 0.040879 47.135 41.584 43.845 49.535
32.3 0.031043 0.0223 0.024797 0.040759 46.961 41.424 43.679 49.354
32.4 0.030952 0.022234 0.024724 0.040639 46.786 41.265 43.513 49.174
32.5 0.030861 0.022169 0.024652 0.040519 46.613 41.106 43.348 48.994
32.6 0.03077 0.022104 0.024579 0.0404 46.439 40.948 43.184 48.815
32.7 0.03068 0.022039 0.024507 0.040282 46.267 40.79 43.02 48.637
32.8 0.03059 0.021974 0.024435 0.040163 46.095 40.632 42.856 48.459
32.9 0.0305 0.02191 0.024364 0.040046 45.923 40.475 42.693 48.281
33 0.030411 0.021846 0.024292 0.039929 45.752 40.319 42.531 48.105
33.1 0.030322 0.021782 0.024221 0.039812 45.581 40.163 42.369 47.928
33.2 0.030234 0.021718 0.024151 0.039696 45.411 40.007 42.207 47.752
33.3 0.030146 0.021655 0.02408 0.03958 45.242 39.853 42.046 47.577
33.4 0.030058 0.021592 0.02401 0.039465 45.073 39.698 41.886 47.402
33.5 0.02997 0.021529 0.02394 0.03935 44.905 39.544 41.726 47.228
33.6 0.029883 0.021467 0.023871 0.039236 44.737 39.39 41.566 47.055
33.7 0.029797 0.021404 0.023801 0.039122 44.569 39.237 41.407 46.882
33.8 0.02971 0.021342 0.023732 0.039008 44.402 39.085 41.248 46.709
33.9 0.029624 0.02128 0.023664 0.038895 44.236 38.933 41.09 46.537
34 0.029538 0.021219 0.023595 0.038783 44.07 38.781 40.933 46.365
34.1 0.029453 0.021158 0.023527 0.038671 43.905 38.63 40.776 46.194
34.2 0.029368 0.021096 0.023459 0.038559 43.74 38.479 40.619 46.024
34.3 0.029283 0.021036 0.023391 0.038448 43.575 38.329 40.463 45.854
34.4 0.029199 0.020975 0.023324 0.038337 43.411 38.179 40.307 45.684
34.5 0.029115 0.020915 0.023257 0.038227 43.248 38.029 40.152 45.515
34.6 0.029031 0.020855 0.02319 0.038117 43.085 37.88 39.997 45.347
34.7 0.028948 0.020795 0.023124 0.038008 42.923 37.732 39.843 45.179
34.8 0.028865 0.020735 0.023057 0.037899 42.761 37.584 39.689 45.012
34.9 0.028782 0.020676 0.022991 0.03779 42.599 37.436 39.536 44.845
35 0.0287 0.020616 0.022925 0.037682 42.438 37.289 39.383 44.678
35.1 0.028618 0.020558 0.02286 0.037574 42.278 37.142 39.23 44.512
35.2 0.028536 0.020499 0.022795 0.037467 42.118 36.996 39.078 44.347
35.3 0.028455 0.02044 0.02273 0.03736 41.958 36.85 38.926 44.181
35.4 0.028374 0.020382 0.022665 0.037254 41.799 36.704 38.775 44.017
35.5 0.028293 0.020324 0.0226 0.037148 41.64 36.559 38.625 43.853
35.6 0.028212 0.020266 0.022536 0.037042 41.482 36.414 38.474 43.689
35.7 0.028132 0.020209 0.022472 0.036937 41.324 36.27 38.324 43.526
35.8 0.028052 0.020151 0.022408 0.036832 41.167 36.126 38.175 43.363
35.9 0.027973 0.020094 0.022345 0.036727 41.01 35.983 38.026 43.201
36 0.027894 0.020037 0.022281 0.036623 40.854 35.84 37.877 43.039
36.1 0.027815 0.019981 0.022218 0.03652 40.698 35.697 37.729 42.878
36.2 0.027736 0.019924 0.022155 0.036416 40.542 35.555 37.582 42.717
36.3 0.027658 0.019868 0.022093 0.036314 40.387 35.413 37.434 42.557
36.4 0.02758 0.019812 0.022031 0.036211 40.233 35.272 37.287 42.397
36.5 0.027502 0.019756 0.021968 0.036109 40.078 35.131 37.141 42.238
36.6 0.027425 0.0197 0.021907 0.036007 39.925 34.991 36.995 42.079
36.7 0.027347 0.019645 0.021845 0.035906 39.771 34.85 36.849 41.92
36.8 0.027271 0.01959 0.021784 0.035805 39.618 34.711 36.704 41.762
36.9 0.027194 0.019535 0.021722 0.035705 39.466 34.571 36.559 41.604
37 0.027118 0.01948 0.021661 0.035605 39.314 34.432 36.415 41.447
37.1 0.027042 0.019425 0.021601 0.035505 39.162 34.294 36.271 41.29
37.2 0.026966 0.019371 0.02154 0.035406 39.011 34.155 36.127 41.134
37.3 0.026891 0.019317 0.02148 0.035307 38.86 34.018 35.984 40.978
37.4 0.026816 0.019263 0.02142 0.035208 38.71 33.88 35.841 40.823
37.5 0.026741 0.019209 0.02136 0.03511 38.56 33.743 35.699 40.667
37.6 0.026666 0.019155 0.021301 0.035012 38.41 33.606 35.557 40.513
37.7 0.026592 0.019102 0.021241 0.034914 38.261 33.47 35.415 40.359
37.8 0.026518 0.019049 0.021182 0.034817 38.113 33.334 35.274 40.205
37.9 0.026444 0.018996 0.021123 0.03472 37.965 33.199 35.133 40.052
38 0.026371 0.018943 0.021065 0.034624 37.818 33.064 34.993 39.9
38.1 0.026297 0.018891 0.021006 0.034528 37.671 32.93 34.854 39.748
38.2 0.026225 0.018838 0.020948 0.034432 37.524 32.796 34.715 39.596
38.3 0.026152 0.018786 0.02089 0.034337 37.378 32.663 34.576 39.445
38.4 0.02608 0.018734 0.020832 0.034242 37.233 32.53 34.438 39.295
38.5 0.026007 0.018682 0.020775 0.034147 37.088 32.398 34.301 39.145
38.6 0.025936 0.018631 0.020717 0.034053 36.944 32.266 34.164 38.996
38.7 0.025864 0.018579 0.02066 0.033959 36.8 32.135 34.027 38.847
38.8 0.025793 0.018528 0.020603 0.033865 36.657 32.004 33.891 38.699
38.9 0.025722 0.018477 0.020546 0.033772 36.514 31.873 33.755 38.551
39 0.025651 0.018426 0.02049 0.033679 36.371 31.743 33.62 38.403
39.1 0.02558 0.018375 0.020433 0.033586 36.229 31.614 33.486 38.257
39.2 0.02551 0.018325 0.020377 0.033494 36.088 31.485 33.351 38.11
39.3 0.02544 0.018275 0.020321 0.033402 35.947 31.356 33.218 37.965
39.4 0.02537 0.018225 0.020266 0.03331 35.807 31.228 33.085 37.819
39.5 0.025301 0.018175 0.02021 0.033219 35.667 31.1 32.952 37.675
39.6 0.025232 0.018125 0.020155 0.033128 35.527 30.973 32.819 37.53
39.7 0.025163 0.018075 0.0201 0.033038 35.389 30.846 32.688 37.386
39.8 0.025094 0.018026 0.020045 0.032947 35.25 30.72 32.556 37.243
39.9 0.025025 0.017977 0.01999 0.032857 35.112 30.594 32.425 37.1
40 0.024957 0.017928 0.019936 0.032768 34.975 30.469 32.295 36.958
40.1 0.024889 0.017879 0.019881 0.032678 34.838 30.344 32.165 36.816
40.2 0.024821 0.01783 0.019827 0.032589 34.701 30.219 32.035 36.675
40.3 0.024754 0.017782 0.019773 0.032501 34.565 30.095 31.906 36.534
40.4 0.024686 0.017733 0.019719 0.032413 34.429 29.971 31.778 36.394
40.5 0.024619 0.017685 0.019666 0.032324 34.294 29.848 31.649 36.254
40.6 0.024553 0.017637 0.019612 0.032237 34.159 29.725 31.522 36.114
40.7 0.024486 0.017589 0.019559 0.032149 34.025 29.603 31.394 35.975
40.8 0.02442 0.017542 0.019506 0.032062 33.891 29.481 31.267 35.837
40.9 0.024354 0.017494 0.019453 0.031976 33.758 29.359 31.141 35.699
41 0.024288 0.017447 0.019401 0.031889 33.625 29.238 31.015 35.561
41.1 0.024222 0.0174 0.019348 0.031803 33.493 29.118 30.889 35.424
41.2 0.024157 0.017353 0.019296 0.031717 33.361 28.997 30.764 35.287
41.3 0.024092 0.017306 0.019244 0.031632 33.229 28.877 30.64 35.151
41.4 0.024027 0.017259 0.019192 0.031546 33.098 28.758 30.515 35.015
41.5 0.023962 0.017213 0.019141 0.031461 32.968 28.639 30.392 34.88
41.6 0.023898 0.017167 0.019089 0.031377 32.837 28.52 30.268 34.745
41.7 0.023833 0.01712 0.019038 0.031292 32.708 28.402 30.145 34.611
41.8 0.023769 0.017074 0.018987 0.031208 32.578 28.285 30.023 34.477
41.9 0.023706 0.017029 0.018936 0.031125 32.449 28.167 29.9 34.344
42 0.023642 0.016983 0.018885 0.031041 32.321 28.05 29.779 34.211
42.1 0.023579 0.016937 0.018834 0.030958 32.193 27.934 29.658 34.078
42.2 0.023515 0.016892 0.018784 0.030875 32.066 27.818 29.537 33.946
42.3 0.023453 0.016847 0.018734 0.030792 31.938 27.702 29.416 33.814
42.4 0.02339 0.016802 0.018684 0.03071 31.812 27.587 29.296 33.683
42.5 0.023327 0.016757 0.018634 0.030628 31.685 27.472 29.177 33.552
42.6 0.023265 0.016712 0.018584 0.030546 31.56 27.357 29.057 33.422
42.7 0.023203 0.016668 0.018534 0.030465 31.434 27.243 28.939 33.292
42.8 0.023141 0.016623 0.018485 0.030384 31.309 27.129 28.82 33.162
42.9 0.02308 0.016579 0.018436 0.030303 31.185 27.016 28.702 33.033
43 0.023018 0.016535 0.018387 0.030222 31.061 26.903 28.585 32.905
43.1 0.022957 0.016491 0.018338 0.030142 30.937 26.791 28.467 32.776
43.2 0.022896 0.016447 0.018289 0.030062 30.813 26.679 28.351 32.649
43.3 0.022835 0.016404 0.018241 0.029982 30.691 26.567 28.234 32.521
43.4 0.022775 0.01636 0.018192 0.029903 30.568 26.455 28.118 32.394
43.5 0.022715 0.016317 0.018144 0.029824 30.446 26.344 28.003 32.268
43.6 0.022654 0.016274 0.018096 0.029745 30.324 26.234 27.887 32.142
43.7 0.022595 0.016231 0.018048 0.029666 30.203 26.124 27.773 32.016
43.8 0.022535 0.016188 0.018001 0.029588 30.082 26.014 27.658 31.891
43.9 0.022475 0.016145 0.017953 0.029509 29.962 25.904 27.544 31.766
44 0.022416 0.016102 0.017906 0.029432 29.842 25.795 27.431 31.641
44.1 0.022357 0.01606 0.017859 0.029354 29.722 25.687 27.317 31.517
44.2 0.022298 0.016018 0.017811 0.029277 29.603 25.578 27.205 31.394
44.3 0.022239 0.015975 0.017765 0.0292 29.484 25.47 27.092 31.271
44.4 0.022181 0.015933 0.017718 0.029123 29.366 25.363 26.98 31.148
44.5 0.022123 0.015892 0.017671 0.029046 29.248 25.255 26.868 31.025
44.6 0.022064 0.01585 0.017625 0.02897 29.13 25.149 26.757 30.903
44.7 0.022007 0.015808 0.017579 0.028894 29.013 25.042 26.646 30.782
44.8 0.021949 0.015767 0.017533 0.028818 28.896 24.936 26.535 30.661
44.9 0.021891 0.015725 0.017487 0.028743 28.779 24.83 26.425 30.54
45 0.021834 0.015684 0.017441 0.028667 28.663 24.725 26.315 30.419
45.1 0.021777 0.015643 0.017395 0.028592 28.548 24.62 26.206 30.299
45.2 0.02172 0.015602 0.01735 0.028518 28.432 24.515 26.097 30.18
45.3 0.021663 0.015562 0.017304 0.028443 28.317 24.411 25.988 30.061
45.4 0.021607 0.015521 0.017259 0.028369 28.203 24.307 25.88 29.942
45.5 0.02155 0.01548 0.017214 0.028295 28.089 24.204 25.772 29.823
45.6 0.021494 0.01544 0.017169 0.028221 27.975 24.1 25.664 29.705
45.7 0.021438 0.0154 0.017125 0.028148 27.861 23.997 25.557 29.588
45.8 0.021382 0.01536 0.01708 0.028074 27.748 23.895 25.45 29.47
45.9 0.021327 0.01532 0.017036 0.028001 27.636 23.793 25.344 29.353
46 0.021271 0.01528 0.016991 0.027929 27.523 23.691 25.237 29.237
46.1 0.021216 0.01524 0.016947 0.027856 27.411 23.59 25.132 29.121
46.2 0.021161 0.015201 0.016903 0.027784 27.3 23.488 25.026 29.005
46.3 0.021106 0.015161 0.016859 0.027712 27.189 23.388 24.921 28.89
46.4 0.021051 0.015122 0.016816 0.02764 27.078 23.287 24.816 28.775
46.5 0.020997 0.015083 0.016772 0.027568 26.967 23.187 24.712 28.66
46.6 0.020943 0.015044 0.016729 0.027497 26.857 23.088 24.608 28.546
46.7 0.020888 0.015005 0.016685 0.027426 26.748 22.988 24.504 28.432
46.8 0.020834 0.014966 0.016642 0.027355 26.638 22.889 24.401 28.318
46.9 0.020781 0.014928 0.016599 0.027284 26.529 22.79 24.298 28.205
47 0.020727 0.014889 0.016557 0.027214 26.421 22.692 24.195 28.093
47.1 0.020674 0.014851 0.016514 0.027144 26.313 22.594 24.093 27.98
47.2 0.02062 0.014812 0.016471 0.027074 26.205 22.496 23.991 27.868
47.3 0.020567 0.014774 0.016429 0.027004 26.097 22.399 23.89 27.756
47.4 0.020514 0.014736 0.016387 0.026935 25.99 22.302 23.788 27.645
47.5 0.020462 0.014698 0.016345 0.026865 25.883 22.205 23.688 27.534
47.6 0.020409 0.014661 0.016303 0.026796 25.777 22.109 23.587 27.424
47.7 0.020357 0.014623 0.016261 0.026728 25.67 22.013 23.487 27.313
47.8 0.020304 0.014585 0.016219 0.026659 25.565 21.917 23.387 27.204
47.9 0.020252 0.014548 0.016177 0.026591 25.459 21.822 23.287 27.094
48 0.0202 0.014511 0.016136 0.026523 25.354 21.727 23.188 26.985
48.1 0.020149 0.014474 0.016095 0.026455 25.249 21.632 23.089 26.876
48.2 0.020097 0.014437 0.016053 0.026387 25.145 21.538 22.991 26.768
48.3 0.020046 0.0144 0.016012 0.02632 25.041 21.444 22.893 26.66
48.4 0.019995 0.014363 0.015972 0.026252 24.937 21.35 22.795 26.552
48.5 0.019944 0.014326 0.015931 0.026185 24.834 21.257 22.697 26.445
48.6 0.019893 0.01429 0.01589 0.026119 24.731 21.163 22.6 26.338
48.7 0.019842 0.014253 0.01585 0.026052 24.628 21.071 22.503 26.231
48.8 0.019791 0.014217 0.015809 0.025986 24.526 20.978 22.407 26.125
48.9 0.019741 0.014181 0.015769 0.025919 24.424 20.886 22.31 26.019
49 0.019691 0.014145 0.015729 0.025854 24.322 20.794 22.214 25.913
49.1 0.019641 0.014109 0.015689 0.025788 24.221 20.703 22.119 25.808
49.2 0.019591 0.014073 0.015649 0.025722 24.12 20.612 22.024 25.703
49.3 0.019541 0.014037 0.015609 0.025657 24.019 20.521 21.929 25.598
49.4 0.019492 0.014002 0.01557 0.025592 23.919 20.43 21.834 25.494
49.5 0.019442 0.013966 0.01553 0.025527 23.819 20.34 21.74 25.39
49.6 0.019393 0.013931 0.015491 0.025462 23.719 20.25 21.646 25.286
49.7 0.019344 0.013895 0.015452 0.025398 23.62 20.16 21.552 25.183
49.8 0.019295 0.01386 0.015413 0.025334 23.521 20.071 21.459 25.08
49.9 0.019246 0.013825 0.015374 0.02527 23.422 19.982 21.366 24.977
50 0.019197 0.01379 0.015335 0.025206 23.324 19.893 21.273 24.875
50.1 0.019149 0.013755 0.015296 0.025142 23.226 19.805 21.181 24.773
50.2 0.019101 0.013721 0.015257 0.025079 23.128 19.717 21.088 24.672
50.3 0.019052 0.013686 0.015219 0.025015 23.031 19.629 20.997 24.57
50.4 0.019004 0.013652 0.015181 0.024952 22.934 19.541 20.905 24.469
50.5 0.018957 0.013617 0.015142 0.02489 22.837 19.454 20.814 24.369
50.6 0.018909 0.013583 0.015104 0.024827 22.74 19.367 20.723 24.269
50.7 0.018861 0.013549 0.015066 0.024764 22.644 19.281 20.633 24.169
50.8 0.018814 0.013515 0.015028 0.024702 22.549 19.194 20.542 24.069
50.9 0.018767 0.013481 0.014991 0.02464 22.453 19.108 20.452 23.97
51 0.01872 0.013447 0.014953 0.024578 22.358 19.023 20.363 23.871
51.1 0.018673 0.013413 0.014915 0.024517 22.263 18.937 20.274 23.772
51.2 0.018626 0.01338 0.014878 0.024455 22.168 18.852 20.184 23.674
51.3 0.018579 0.013346 0.014841 0.024394 22.074 18.767 20.096 23.576
51.4 0.018533 0.013313 0.014804 0.024333 21.98 18.683 20.007 23.478
51.5 0.018486 0.013279 0.014767 0.024272 21.887 18.598 19.919 23.38
51.6 0.01844 0.013246 0.01473 0.024211 21.793 18.514 19.831 23.283
51.7 0.018394 0.013213 0.014693 0.024151 21.7 18.431 19.744 23.187
51.8 0.018348 0.01318 0.014656 0.02409 21.608 18.347 19.657 23.09
51.9 0.018302 0.013147 0.01462 0.02403 21.515 18.264 19.57 22.994
52 0.018257 0.013114 0.014583 0.02397 21.423 18.181 19.483 22.898
52.1 0.018211 0.013082 0.014547 0.023911 21.332 18.099 19.397 22.803
52.2 0.018166 0.013049 0.014511 0.023851 21.24 18.017 19.311 22.707
52.3 0.018121 0.013017 0.014474 0.023792 21.149 17.935 19.225 22.613
52.4 0.018075 0.012984 0.014438 0.023733 21.058 17.853 19.139 22.518
52.5 0.018031 0.012952 0.014403 0.023674 20.968 17.772 19.054 22.424
52.6 0.017986 0.01292 0.014367 0.023615 20.877 17.691 18.969 22.33
52.7 0.017941 0.012888 0.014331 0.023556 20.787 17.61 18.885 22.236
52.8 0.017897 0.012856 0.014296 0.023498 20.698 17.529 18.8 22.143
52.9 0.017852 0.012824 0.01426 0.023439 20.608 17.449 18.716 22.05
53 0.017808 0.012792 0.014225 0.023381 20.519 17.369 18.633 21.957
53.1 0.017764 0.01276 0.01419 0.023323 20.43 17.289 18.549 21.864
53.2 0.01772 0.012729 0.014154 0.023266 20.342 17.21 18.466 21.772
53.3 0.017676 0.012697 0.014119 0.023208 20.254 17.131 18.383 21.68
53.4 0.017632 0.012666 0.014085 0.023151 20.166 17.052 18.3 21.589
53.5 0.017589 0.012635 0.01405 0.023094 20.078 16.973 18.218 21.497
53.6 0.017545 0.012603 0.014015 0.023037 19.991 16.895 18.136 21.407
53.7 0.017502 0.012572 0.01398 0.02298 19.904 16.817 18.054 21.316
53.8 0.017459 0.012541 0.013946 0.022923 19.817 16.739 17.973 21.225
53.9 0.017416 0.01251 0.013912 0.022867 19.731 16.661 17.892 21.135
54 0.017373 0.01248 0.013877 0.02281 19.645 16.584 17.811 21.046
54.1 0.01733 0.012449 0.013843 0.022754 19.559 16.507 17.73 20.956
54.2 0.017288 0.012418 0.013809 0.022698 19.473 16.43 17.65 20.867
54.3 0.017245 0.012388 0.013775 0.022642 19.388 16.354 17.569 20.778
54.4 0.017203 0.012357 0.013741 0.022587 19.303 16.278 17.49 20.689
54.5 0.017161 0.012327 0.013708 0.022531 19.218 16.202 17.41 20.601
54.6 0.017118 0.012297 0.013674 0.022476 19.134 16.126 17.331 20.513
54.7 0.017076 0.012267 0.01364 0.022421 19.049 16.051 17.252 20.425
54.8 0.017035 0.012237 0.013607 0.022366 18.966 15.976 17.173 20.338
54.9 0.016993 0.012207 0.013574 0.022311 18.882 15.901 17.095 20.25
55 0.016951 0.012177 0.01354 0.022257 18.799 15.826 17.016 20.164
55.1 0.01691 0.012147 0.013507 0.022202 18.716 15.752 16.938 20.077
55.2 0.016869 0.012117 0.013474 0.022148 18.633 15.678 16.861 19.991
55.3 0.016827 0.012088 0.013441 0.022094 18.55 15.604 16.783 19.905
55.4 0.016786 0.012058 0.013409 0.02204 18.468 15.53 16.706 19.819
55.5 0.016745 0.012029 0.013376 0.021986 18.386 15.457 16.629 19.733
55.6 0.016704 0.011999 0.013343 0.021932 18.304 15.384 16.553 19.648
55.7 0.016664 0.01197 0.013311 0.021879 18.223 15.311 16.476 19.563
55.8 0.016623 0.011941 0.013278 0.021826 18.142 15.239 16.4 19.478
55.9 0.016583 0.011912 0.013246 0.021773 18.061 15.167 16.324 19.394
56 0.016542 0.011883 0.013214 0.02172 17.98 15.095 16.249 19.31
56.1 0.016502 0.011854 0.013182 0.021667 17.9 15.023 16.173 19.226
56.2 0.016462 0.011825 0.01315 0.021614 17.82 14.951 16.098 19.143
56.3 0.016422 0.011796 0.013118 0.021562 17.74 14.88 16.024 19.059
56.4 0.016382 0.011768 0.013086 0.021509 17.661 14.809 15.949 18.976
56.5 0.016342 0.011739 0.013054 0.021457 17.581 14.738 15.875 18.894
56.6 0.016303 0.011711 0.013022 0.021405 17.502 14.668 15.801 18.811
56.7 0.016263 0.011682 0.012991 0.021353 17.424 14.597 15.727 18.729
56.8 0.016224 0.011654 0.012959 0.021302 17.345 14.527 15.654 18.647
56.9 0.016185 0.011626 0.012928 0.02125 17.267 14.458 15.58 18.565
57 0.016146 0.011598 0.012897 0.021199 17.189 14.388 15.507 18.484
57.1 0.016106 0.01157 0.012866 0.021147 17.111 14.319 15.435 18.403
57.2 0.016068 0.011542 0.012835 0.021096 17.034 14.25 15.362 18.322
57.3 0.016029 0.011514 0.012804 0.021045 16.957 14.181 15.29 18.241
57.4 0.01599 0.011486 0.012773 0.020995 16.88 14.113 15.218 18.161
57.5 0.015952 0.011458 0.012742 0.020944 16.803 14.044 15.146 18.081
57.6 0.015913 0.011431 0.012711 0.020894 16.727 13.976 15.075 18.001
57.7 0.015875 0.011403 0.012681 0.020843 16.651 13.908 15.003 17.922
57.8 0.015837 0.011376 0.01265 0.020793 16.575 13.841 14.932 17.842
57.9 0.015798 0.011349 0.01262 0.020743 16.499 13.774 14.862 17.763
58 0.01576 0.011321 0.012589 0.020693 16.424 13.707 14.791 17.685
58.1 0.015723 0.011294 0.012559 0.020643 16.349 13.64 14.721 17.606
58.2 0.015685 0.011267 0.012529 0.020594 16.274 13.573 14.651 17.528
58.3 0.015647 0.01124 0.012499 0.020544 16.2 13.507 14.581 17.45
58.4 0.01561 0.011213 0.012469 0.020495 16.125 13.441 14.512 17.372
58.5 0.015572 0.011186 0.012439 0.020446 16.051 13.375 14.442 17.295
58.6 0.015535 0.011159 0.012409 0.020397 15.977 13.309 14.373 17.218
58.7 0.015498 0.011132 0.012379 0.020348 15.904 13.244 14.305 17.141
58.8 0.015461 0.011106 0.01235 0.020299 15.83 13.178 14.236 17.064
58.9 0.015424 0.011079 0.01232 0.020251 15.757 13.114 14.168 16.988
59 0.015387 0.011053 0.012291 0.020202 15.684 13.049 14.1 16.911
59.1 0.01535 0.011026 0.012261 0.020154 15.612 12.984 14.032 16.835
59.2 0.015313 0.011 0.012232 0.020106 15.54 12.92 13.964 16.76
59.3 0.015277 0.010974 0.012203 0.020058 15.467 12.856 13.897 16.684
59.4 0.01524 0.010948 0.012174 0.02001 15.396 12.792 13.83 16.609
59.5 0.015204 0.010922 0.012145 0.019963 15.324 12.729 13.763 16.534
59.6 0.015168 0.010895 0.012116 0.019915 15.253 12.665 13.696 16.46
59.7 0.015132 0.01087 0.012087 0.019868 15.182 12.602 13.63 16.385
59.8 0.015096 0.010844 0.012058 0.01982 15.111 12.54 13.564 16.311
59.9 0.01506 0.010818 0.01203 0.019773 15.04 12.477 13.498 16.237
60 0.015024 0.010792 0.012001 0.019726 14.97 12.414 13.432 16.163
60.1 0.014988 0.010767 0.011972 0.019679 14.9 12.352 13.367 16.09
60.2 0.014953 0.010741 0.011944 0.019633 14.83 12.29 13.301 16.017
60.3 0.014917 0.010715 0.011916 0.019586 14.76 12.229 13.236 15.944
60.4 0.014882 0.01069 0.011887 0.019539 14.691 12.167 13.172 15.871
60.5 0.014847 0.010665 0.011859 0.019493 14.621 12.106 13.107 15.799
60.6 0.014811 0.010639 0.011831 0.019447 14.553 12.045 13.043 15.727
60.7 0.014776 0.010614 0.011803 0.019401 14.484 11.984 12.979 15.655
60.8 0.014741 0.010589 0.011775 0.019355 14.415 11.923 12.915 15.583
60.9 0.014706 0.010564 0.011747 0.019309 14.347 11.863 12.851 15.512
61 0.014672 0.010539 0.01172 0.019264 14.279 11.803 12.788 15.44
61.1 0.014637 0.010514 0.011692 0.019218 14.211 11.743 12.725 15.369
61.2 0.014602 0.010489 0.011664 0.019173 14.144 11.683 12.662 15.299
61.3 0.014568 0.010465 0.011637 0.019127 14.077 11.624 12.599 15.228
61.4 0.014534 0.01044 0.011609 0.019082 14.01 11.564 12.537 15.158
61.5 0.014499 0.010415 0.011582 0.019037 13.943 11.505 12.474 15.088
61.6 0.014465 0.010391 0.011555 0.018993 13.876 11.447 12.412 15.018
61.7 0.014431 0.010366 0.011527 0.018948 13.81 11.388 12.351 14.948
61.8 0.014397 0.010342 0.0115 0.018903 13.744 11.33 12.289 14.879
61.9 0.014363 0.010318 0.011473 0.018859 13.678 11.271 12.228 14.81
62 0.01433 0.010293 0.011446 0.018814 13.612 11.213 12.167 14.741
62.1 0.014296 0.010269 0.011419 0.01877 13.547 11.156 12.106 14.672
62.2 0.014262 0.010245 0.011393 0.018726 13.481 11.098 12.045 14.604
62.3 0.014229 0.010221 0.011366 0.018682 13.416 11.041 11.984 14.536
62.4 0.014195 0.010197 0.011339 0.018638 13.352 10.984 11.924 14.468
62.5 0.014162 0.010173 0.011313 0.018595 13.287 10.927 11.864 14.4
62.6 0.014129 0.010149 0.011286 0.018551 13.223 10.87 11.804 14.333
62.7 0.014096 0.010126 0.01126 0.018508 13.159 10.814 11.745 14.266
62.8 0.014063 0.010102 0.011233 0.018464 13.095 10.757 11.685 14.199
62.9 0.01403 0.010078 0.011207 0.018421 13.031 10.701 11.626 14.132
63 0.013997 0.010055 0.011181 0.018378 12.968 10.645 11.567 14.065
63.1 0.013965 0.010031 0.011155 0.018335 12.905 10.59 11.508 13.999
63.2 0.013932 0.010008 0.011129 0.018292 12.842 10.534 11.45 13.933
63.3 0.013899 0.0099843 0.011103 0.01825 12.779 10.479 11.392 13.867
63.4 0.013867 0.009961 0.011077 0.018207 12.717 10.424 11.334 13.801
63.5 0.013835 0.0099378 0.011051 0.018165 12.654 10.369 11.276 13.736
63.6 0.013802 0.0099146 0.011025 0.018122 12.592 10.315 11.218 13.671
63.7 0.01377 0.0098915 0.010999 0.01808 12.53 10.26 11.161 13.606
63.8 0.013738 0.0098685 0.010974 0.018038 12.469 10.206 11.103 13.541
63.9 0.013706 0.0098456 0.010948 0.017996 12.407 10.152 11.046 13.477
64 0.013674 0.0098227 0.010923 0.017954 12.346 10.099 10.989 13.412
64.1 0.013643 0.0097998 0.010897 0.017912 12.285 10.045 10.933 13.348
64.2 0.013611 0.0097771 0.010872 0.017871 12.224 9.9917 10.876 13.284
64.3 0.013579 0.0097544 0.010847 0.017829 12.164 9.9385 10.82 13.221
64.4 0.013548 0.0097317 0.010822 0.017788 12.104 9.8856 10.764 13.157
64.5 0.013516 0.0097092 0.010797 0.017747 12.043 9.8328 10.709 13.094
64.6 0.013485 0.0096867 0.010772 0.017706 11.984 9.7803 10.653 13.031
64.7 0.013454 0.0096642 0.010747 0.017665 11.924 9.728 10.598 12.969
64.8 0.013423 0.0096418 0.010722 0.017624 11.864 9.6758 10.542 12.906
64.9 0.013392 0.0096195 0.010697 0.017583 11.805 9.6239 10.487 12.844
65 0.013361 0.0095973 0.010672 0.017542 11.746 9.5722 10.433 12.782
65.1 0.01333 0.0095751 0.010648 0.017502 11.687 9.5206 10.378 12.72
65.2 0.013299 0.009553 0.010623 0.017461 11.629 9.4693 10.324 12.658
65.3 0.013268 0.0095309 0.010598 0.017421 11.57 9.4182 10.27 12.597
65.4 0.013238 0.0095089 0.010574 0.017381 11.512 9.3672 10.216 12.535
65.5 0.013207 0.009487 0.01055 0.017341 11.454 9.3165 10.162 12.474
65.6 0.013177 0.0094651 0.010525 0.017301 11.396 9.2659 10.109 12.414
65.7 0.013146 0.0094433 0.010501 0.017261 11.339 9.2156 10.055 12.353
65.8 0.013116 0.0094215 0.010477 0.017221 11.282 9.1654 10.002 12.293
65.9 0.013086 0.0093999 0.010453 0.017181 11.224 9.1155 9.9493 12.233
66 0.013056 0.0093782 0.010429 0.017142 11.167 9.0657 9.8966 12.173
66.1 0.013026 0.0093567 0.010405 0.017102 11.111 9.0162 9.8441 12.113
66.2 0.012996 0.0093352 0.010381 0.017063 11.054 8.9668 9.7918 12.053
66.3 0.012966 0.0093137 0.010357 0.017024 10.998 8.9176 9.7397 11.994
66.4 0.012936 0.0092923 0.010333 0.016985 10.942 8.8686 9.6877 11.935
66.5 0.012906 0.009271 0.010309 0.016946 10.886 8.8199 9.636 11.876
66.6 0.012877 0.0092498 0.010286 0.016907 10.83 8.7713 9.5845 11.817
66.7 0.012847 0.0092285 0.010262 0.016868 10.775 8.7229 9.5332 11.759
66.8 0.012818 0.0092074 0.010239 0.01683 10.719 8.6746 9.4821 11.701
66.9 0.012789 0.0091863 0.010215 0.016791 10.664 8.6266 9.4312 11.643
67 0.012759 0.0091653 0.010192 0.016753 10.609 8.5788 9.3804 11.585
67.1 0.01273 0.0091443 0.010169 0.016714 10.555 8.5311 9.3299 11.527
67.2 0.012701 0.0091234 0.010145 0.016676 10.5 8.4837 9.2796 11.47
67.3 0.012672 0.0091026 0.010122 0.016638 10.446 8.4364 9.2294 11.412
67.4 0.012643 0.0090818 0.010099 0.0166 10.392 8.3894 9.1795 11.355
67.5 0.012614 0.0090611 0.010076 0.016562 10.338 8.3425 9.1297 11.299
67.6 0.012585 0.0090404 0.010053 0.016524 10.284 8.2958 9.0801 11.242
67.7 0.012557 0.0090198 0.01003 0.016487 10.231 8.2493 9.0308 11.186
67.8 0.012528 0.0089992 0.010007 0.016449 10.178 8.2029 8.9816 11.129
67.9 0.0125 0.0089787 0.0099844 0.016412 10.125 8.1568 8.9326 11.073
68 0.012471 0.0089583 0.0099617 0.016374 10.072 8.1108 8.8838 11.018
68.1 0.012443 0.0089379 0.009939 0.016337 10.019 8.0651 8.8352 10.962
68.2 0.012414 0.0089176 0.0099164 0.0163 9.9665 8.0195 8.7868 10.907
68.3 0.012386 0.0088973 0.0098939 0.016263 9.9142 7.9741 8.7386 10.851
68.4 0.012358 0.0088771 0.0098714 0.016226 9.8621 7.9289 8.6905 10.796
68.5 0.01233 0.0088569 0.009849 0.016189 9.8102 7.8839 8.6427 10.742
68.6 0.012302 0.0088368 0.0098266 0.016152 9.7585 7.839 8.595 10.687
68.7 0.012274 0.0088168 0.0098043 0.016116 9.707 7.7944 8.5475 10.633
68.8 0.012246 0.0087968 0.0097821 0.016079 9.6557 7.7499 8.5003 10.578
68.9 0.012219 0.0087769 0.0097599 0.016043 9.6046 7.7056 8.4532 10.524
69 0.012191 0.008757 0.0097378 0.016006 9.5537 7.6615 8.4063 10.471
69.1 0.012163 0.0087372 0.0097158 0.01597 9.5029 7.6175 8.3595 10.417
69.2 0.012136 0.0087174 0.0096938 0.015934 9.4524 7.5738 8.313 10.364
69.3 0.012108 0.0086977 0.0096719 0.015898 9.402 7.5302 8.2666 10.31
69.4 0.012081 0.0086781 0.0096501 0.015862 9.3519 7.4868 8.2205 10.257
69.5 0.012054 0.0086585 0.0096283 0.015826 9.3019 7.4436 8.1745 10.205
69.6 0.012026 0.0086389 0.0096065 0.015791 9.2522 7.4005 8.1287 10.152
69.7 0.011999 0.0086194 0.0095848 0.015755 9.2026 7.3577 8.0831 10.099
69.8 0.011972 0.0086 0.0095632 0.015719 9.1532 7.315 8.0376 10.047
69.9 0.011945 0.0085806 0.0095417 0.015684 9.104 7.2725 7.9924 9.9952
70 0.011918 0.0085613 0.0095202 0.015649 9.055 7.2302 7.9473 9.9433
70.1 0.011892 0.008542 0.0094987 0.015613 9.0061 7.188 7.9024 9.8917
70.2 0.011865 0.0085228 0.0094774 0.015578 8.9575 7.146 7.8577 9.8402
70.3 0.011838 0.0085036 0.0094561 0.015543 8.909 7.1042 7.8132 9.7889
70.4 0.011812 0.0084845 0.0094348 0.015508 8.8608 7.0626 7.7688 9.7378
70.5 0.011785 0.0084654 0.0094136 0.015473 8.8127 7.0211 7.7247 9.6869
70.6 0.011758 0.0084464 0.0093925 0.015439 8.7648 6.9799 7.6807 9.6362
70.7 0.011732 0.0084274 0.0093714 0.015404 8.7171 6.9388 7.6369 9.5857
70.8 0.011706 0.0084085 0.0093504 0.015369 8.6696 6.8978 7.5933 9.5354
70.9 0.01168 0.0083897 0.0093294 0.015335 8.6222 6.8571 7.5498 9.4852
71 0.011653 0.0083709 0.0093085 0.015301 8.5751 6.8165 7.5065 9.4353
71.1 0.011627 0.0083521 0.0092876 0.015266 8.5281 6.7761 7.4634 9.3855
71.2 0.011601 0.0083334 0.0092668 0.015232 8.4813 6.7359 7.4205 9.336
71.3 0.011575 0.0083148 0.0092461 0.015198 8.4347 6.6958 7.3778 9.2866
71.4 0.011549 0.0082962 0.0092254 0.015164 8.3883 6.6559 7.3352 9.2374
71.5 0.011524 0.0082776 0.0092048 0.01513 8.3421 6.6162 7.2928 9.1884
71.6 0.011498 0.0082592 0.0091842 0.015096 8.296 6.5766 7.2506 9.1395
71.7 0.011472 0.0082407 0.0091637 0.015063 8.2501 6.5372 7.2086 9.0909
71.8 0.011447 0.0082223 0.0091433 0.015029 8.2045 6.498 7.1667 9.0424
71.9 0.011421 0.008204 0.0091229 0.014996 8.1589 6.459 7.125 8.9942
72 0.011396 0.0081857 0.0091025 0.014962 8.1136 6.4201 7.0835 8.9461
72.1 0.01137 0.0081674 0.0090823 0.014929 8.0685 6.3814 7.0421 8.8982
72.2 0.011345 0.0081493 0.009062 0.014896 8.0235 6.3428 7.001 8.8504
72.3 0.01132 0.0081311 0.0090419 0.014862 7.9787 6.3045 6.96 8.8029
72.4 0.011294 0.008113 0.0090217 0.014829 7.9341 6.2662 6.9191 8.7555
72.5 0.011269 0.008095 0.0090017 0.014796 7.8896 6.2282 6.8785 8.7084
72.6 0.011244 0.008077 0.0089817 0.014764 7.8454 6.1903 6.838 8.6614
72.7 0.011219 0.0080591 0.0089617 0.014731 7.8013 6.1526 6.7977 8.6146
72.8 0.011194 0.0080412 0.0089418 0.014698 7.7574 6.1151 6.7575 8.5679
72.9 0.01117 0.0080233 0.008922 0.014665 7.7137 6.0777 6.7176 8.5215
73 0.011145 0.0080055 0.0089022 0.014633 7.6701 6.0405 6.6778 8.4752
73.1 0.01112 0.0079878 0.0088825 0.0146 7.6267 6.0034 6.6381 8.4291
73.2 0.011095 0.0079701 0.0088628 0.014568 7.5835 5.9665 6.5987 8.3832
73.3 0.011071 0.0079524 0.0088432 0.014536 7.5405 5.9298 6.5594 8.3375
73.4 0.011046 0.0079348 0.0088236 0.014504 7.4976 5.8932 6.5202 8.2919
73.5 0.011022 0.0079173 0.0088041 0.014472 7.455 5.8568 6.4813 8.2465
73.6 0.010998 0.0078998 0.0087846 0.01444 7.4125 5.8206 6.4425 8.2013
73.7 0.010973 0.0078823 0.0087652 0.014408 7.3701 5.7845 6.4038 8.1563
73.8 0.010949 0.0078649 0.0087458 0.014376 7.328 5.7486 6.3654 8.1115
73.9 0.010925 0.0078475 0.0087265 0.014344 7.286 5.7129 6.3271 8.0668
74 0.010901 0.0078302 0.0087073 0.014312 7.2442 5.6773 6.2889 8.0223
74.1 0.010877 0.007813 0.0086881 0.014281 7.2025 5.6418 6.251 7.978
74.2 0.010853 0.0077957 0.0086689 0.014249 7.161 5.6066 6.2131 7.9338
74.3 0.010829 0.0077786 0.0086498 0.014218 7.1197 5.5714 6.1755 7.8899
74.4 0.010805 0.0077614 0.0086308 0.014187 7.0786 5.5365 6.138 7.8461
74.5 0.010781 0.0077444 0.0086118 0.014156 7.0376 5.5017 6.1007 7.8025
74.6 0.010757 0.0077273 0.0085928 0.014124 6.9969 5.467 6.0636 7.759
74.7 0.010734 0.0077103 0.0085739 0.014093 6.9562 5.4326 6.0266 7.7157
74.8 0.01071 0.0076934 0.0085551 0.014062 6.9158 5.3982 5.9898 7.6726
74.9 0.010687 0.0076765 0.0085363 0.014031 6.8755 5.3641 5.9531 7.6297
75 0.010663 0.0076596 0.0085176 0.014001 6.8354 5.33 5.9166 7.5869
75.1 0.01064 0.0076428 0.0084989 0.01397 6.7954 5.2962 5.8802 7.5444
75.2 0.010617 0.0076261 0.0084803 0.013939 6.7556 5.2625 5.8441 7.5019
75.3 0.010593 0.0076094 0.0084617 0.013909 6.716 5.2289 5.808 7.4597
75.4 0.01057 0.0075927 0.0084431 0.013878 6.6766 5.1955 5.7722 7.4176
75.5 0.010547 0.0075761 0.0084247 0.013848 6.6373 5.1623 5.7365 7.3757
75.6 0.010524 0.0075595 0.0084062 0.013818 6.5982 5.1292 5.7009 7.334
75.7 0.010501 0.007543 0.0083878 0.013787 6.5592 5.0963 5.6655 7.2924
75.8 0.010478 0.0075265 0.0083695 0.013757 6.5204 5.0635 5.6303 7.251
75.9 0.010455 0.00751 0.0083512 0.013727 6.4818 5.0309 5.5952 7.2098
76 0.010432 0.0074936 0.008333 0.013697 6.4433 4.9984 5.5603 7.1687
76.1 0.010409 0.0074773 0.0083148 0.013667 6.405 4.9661 5.5256 7.1278
76.2 0.010387 0.007461 0.0082967 0.013638 6.3669 4.9339 5.491 7.0871
76.3 0.010364 0.0074447 0.0082786 0.013608 6.3289 4.9019 5.4565 7.0465
76.4 0.010341 0.0074285 0.0082605 0.013578 6.2911 4.87 5.4223 7.0061
76.5 0.010319 0.0074123 0.0082425 0.013549 6.2535 4.8383 5.3881 6.9659
76.6 0.010296 0.0073962 0.0082246 0.013519 6.216 4.8068 5.3541 6.9258
76.7 0.010274 0.0073801 0.0082067 0.01349 6.1786 4.7753 5.3203 6.8859
76.8 0.010252 0.007364 0.0081889 0.01346 6.1415 4.7441 5.2867 6.8462
76.9 0.010229 0.007348 0.0081711 0.013431 6.1045 4.713 5.2532 6.8066
77 0.010207 0.0073321 0.0081533 0.013402 6.0676 4.682 5.2198 6.7672
77.1 0.010185 0.0073161 0.0081356 0.013373 6.0309 4.6512 5.1866 6.728
77.2 0.010163 0.0073003 0.008118 0.013344 5.9944 4.6205 5.1535 6.6889
77.3 0.010141 0.0072844 0.0081004 0.013315 5.958 4.59 5.1206 6.65
77.4 0.010119 0.0072686 0.0080828 0.013286 5.9218 4.5596 5.0879 6.6112
77.5 0.010097 0.0072529 0.0080653 0.013257 5.8858 4.5294 5.0553 6.5726
77.6 0.010075 0.0072372 0.0080478 0.013229 5.8499 4.4993 5.0228 6.5342
77.7 0.010053 0.0072215 0.0080304 0.0132 5.8142 4.4693 4.9905 6.4959
77.8 0.010032 0.0072059 0.008013 0.013171 5.7786 4.4395 4.9584 6.4578
77.9 0.01001 0.0071903 0.0079957 0.013143 5.7432 4.4099 4.9264 6.4199
78 0.0099883 0.0071748 0.0079784 0.013114 5.7079 4.3804 4.8946 6.3821
78.1 0.0099667 0.0071593 0.0079612 0.013086 5.6728 4.351 4.8629 6.3445
78.2 0.0099452 0.0071438 0.007944 0.013058 5.6378 4.3218 4.8313 6.307
78.3 0.0099238 0.0071284 0.0079269 0.01303 5.603 4.2927 4.7999 6.2697
78.4 0.0099024 0.0071131 0.0079098 0.013002 5.5684 4.2638 4.7687 6.2325
78.5 0.009881 0.0070977 0.0078927 0.012974 5.5339 4.235 4.7376 6.1955
78.6 0.0098597 0.0070824 0.0078757 0.012946 5.4996 4.2064 4.7066 6.1587
78.7 0.0098385 0.0070672 0.0078588 0.012918 5.4654 4.1779 4.6758 6.122
78.8 0.0098173 0.007052 0.0078419 0.01289 5.4314 4.1495 4.6452 6.0855
78.9 0.0097962 0.0070368 0.007825 0.012862 5.3975 4.1213 4.6146 6.0492
79 0.0097752 0.0070217 0.0078082 0.012835 5.3638 4.0932 4.5843 6.0129
79.1 0.0097542 0.0070066 0.0077914 0.012807 5.3302 4.0653 4.5541 5.9769
79.2 0.0097332 0.0069916 0.0077747 0.01278 5.2968 4.0375 4.524 5.941
79.3 0.0097123 0.0069766 0.007758 0.012752 5.2635 4.0098 4.494 5.9053
79.4 0.0096915 0.0069616 0.0077414 0.012725 5.2304 3.9823 4.4643 5.8697
79.5 0.0096707 0.0069467 0.0077248 0.012698 5.1974 3.9549 4.4346 5.8342
79.6 0.00965 0.0069318 0.0077082 0.01267 5.1646 3.9277 4.4051 5.799
79.7 0.0096294 0.0069169 0.0076917 0.012643 5.1319 3.9006 4.3758 5.7638
79.8 0.0096087 0.0069021 0.0076752 0.012616 5.0994 3.8736 4.3465 5.7289
79.9 0.0095882 0.0068874 0.0076588 0.012589 5.0671 3.8468 4.3175 5.6941
80 0.0095677 0.0068726 0.0076424 0.012562 5.0348 3.8201 4.2885 5.6594
80.1 0.0095472 0.006858 0.0076261 0.012535 5.0028 3.7935 4.2598 5.6249
80.2 0.0095268 0.0068433 0.0076098 0.012509 4.9709 3.7671 4.2311 5.5905
80.3 0.0095065 0.0068287 0.0075936 0.012482 4.9391 3.7408 4.2026 5.5563
80.4 0.0094862 0.0068141 0.0075774 0.012455 4.9075 3.7147 4.1742 5.5223
80.5 0.009466 0.0067996 0.0075612 0.012429 4.876 3.6887 4.146 5.4884
80.6 0.0094458 0.0067851 0.0075451 0.012402 4.8446 3.6628 4.1179 5.4546
80.7 0.0094257 0.0067707 0.007529 0.012376 4.8135 3.6371 4.09 5.421
80.8 0.0094056 0.0067562 0.007513 0.012349 4.7824 3.6114 4.0622 5.3876
80.9 0.0093856 0.0067419 0.007497 0.012323 4.7515 3.586 4.0345 5.3542
81 0.0093657 0.0067275 0.0074811 0.012297 4.7208 3.5606 4.007 5.3211
81.1 0.0093458 0.0067132 0.0074652 0.012271 4.6902 3.5354 3.9796 5.2881
81.2 0.0093259 0.006699 0.0074493 0.012245 4.6597 3.5103 3.9523 5.2552
81.3 0.0093061 0.0066847 0.0074335 0.012219 4.6294 3.4854 3.9252 5.2225
81.4 0.0092864 0.0066705 0.0074177 0.012193 4.5992 3.4606 3.8983 5.19
81.5 0.0092667 0.0066564 0.007402 0.012167 4.5692 3.4359 3.8714 5.1575
81.6 0.009247 0.0066423 0.0073863 0.012141 4.5393 3.4114 3.8447 5.1253
81.7 0.0092274 0.0066282 0.0073706 0.012115 4.5095 3.3869 3.8181 5.0931
81.8 0.0092079 0.0066142 0.007355 0.01209 4.4799 3.3627 3.7917 5.0612
81.9 0.0091884 0.0066002 0.0073395 0.012064 4.4505 3.3385 3.7654 5.0293
82 0.009169 0.0065862 0.0073239 0.012039 4.4212 3.3145 3.7392 4.9977
82.1 0.0091496 0.0065723 0.0073085 0.012013 4.392 3.2906 3.7132 4.9661
82.2 0.0091302 0.0065584 0.007293 0.011988 4.363 3.2668 3.6873 4.9347
82.3 0.009111 0.0065446 0.0072776 0.011963 4.3341 3.2431 3.6616 4.9035
82.4 0.0090917 0.0065307 0.0072623 0.011937 4.3053 3.2196 3.6359 4.8724
82.5 0.0090725 0.006517 0.0072469 0.011912 4.2767 3.1962 3.6104 4.8414
82.6 0.0090534 0.0065032 0.0072316 0.011887 4.2482 3.173 3.5851 4.8106
82.7 0.0090343 0.0064895 0.0072164 0.011862 4.2199 3.1499 3.5598 4.7799
82.8 0.0090153 0.0064758 0.0072012 0.011837 4.1917 3.1268 3.5347 4.7494
82.9 0.0089963 0.0064622 0.0071861 0.011812 4.1636 3.104 3.5098 4.719
83 0.0089774 0.0064486 0.0071709 0.011787 4.1357 3.0812 3.4849 4.6887
83.1 0.0089585 0.0064351 0.0071559 0.011762 4.1079 3.0586 3.4602 4.6586
83.2 0.0089397 0.0064215 0.0071408 0.011738 4.0802 3.0361 3.4356 4.6286
83.3 0.0089209 0.006408 0.0071258 0.011713 4.0527 3.0137 3.4112 4.5988
83.4 0.0089022 0.0063946 0.0071109 0.011688 4.0253 2.9914 3.3869 4.5691
83.5 0.0088835 0.0063812 0.0070959 0.011664 3.9981 2.9693 3.3627 4.5396
83.6 0.0088649 0.0063678 0.0070811 0.011639 3.971 2.9473 3.3386 4.5102
83.7 0.0088463 0.0063544 0.0070662 0.011615 3.944 2.9254 3.3147 4.4809
83.8 0.0088278 0.0063411 0.0070514 0.011591 3.9172 2.9036 3.2909 4.4518
83.9 0.0088093 0.0063279 0.0070366 0.011566 3.8905 2.882 3.2672 4.4228
84 0.0087909 0.0063146 0.0070219 0.011542 3.8639 2.8605 3.2437 4.3939
84.1 0.0087725 0.0063014 0.0070072 0.011518 3.8375 2.8391 3.2203 4.3652
84.2 0.0087541 0.0062882 0.0069926 0.011494 3.8112 2.8178 3.197 4.3367
84.3 0.0087359 0.0062751 0.006978 0.01147 3.785 2.7967 3.1738 4.3082
84.4 0.0087176 0.006262 0.0069634 0.011446 3.759 2.7756 3.1507 4.2799
84.5 0.0086994 0.0062489 0.0069489 0.011422 3.7331 2.7547 3.1278 4.2518
84.6 0.0086813 0.0062359 0.0069344 0.011398 3.7073 2.7339 3.105 4.2237
84.7 0.0086632 0.0062229 0.0069199 0.011375 3.6817 2.7132 3.0824 4.1958
84.8 0.0086451 0.0062099 0.0069055 0.011351 3.6562 2.6927 3.0598 4.1681
84.9 0.0086271 0.006197 0.0068911 0.011327 3.6308 2.6722 3.0374 4.1405
85 0.0086092 0.0061841 0.0068768 0.011304 3.6056 2.6519 3.0151 4.113
85.1 0.0085913 0.0061712 0.0068625 0.01128 3.5805 2.6317 2.9929 4.0856
85.2 0.0085734 0.0061584 0.0068482 0.011257 3.5555 2.6116 2.9709 4.0584
85.3 0.0085556 0.0061456 0.006834 0.011233 3.5306 2.5916 2.949 4.0313
85.4 0.0085378 0.0061329 0.0068198 0.01121 3.5059 2.5718 2.9272 4.0044
85.5 0.0085201 0.0061201 0.0068057 0.011187 3.4813 2.5521 2.9055 3.9775
85.6 0.0085025 0.0061074 0.0067916 0.011164 3.4568 2.5324 2.8839 3.9508
85.7 0.0084848 0.0060948 0.0067775 0.01114 3.4325 2.5129 2.8625 3.9243
85.8 0.0084673 0.0060822 0.0067634 0.011117 3.4083 2.4935 2.8412 3.8979
85.9 0.0084497 0.0060696 0.0067494 0.011094 3.3842 2.4743 2.82 3.8716
86 0.0084322 0.006057 0.0067355 0.011071 3.3602 2.4551 2.7989 3.8454
86.1 0.0084148 0.0060445 0.0067215 0.011049 3.3364 2.4361 2.7779 3.8194
86.2 0.0083974 0.006032 0.0067076 0.011026 3.3127 2.4171 2.7571 3.7935
86.3 0.0083801 0.0060195 0.0066938 0.011003 3.2891 2.3983 2.7363 3.7677
86.4 0.0083628 0.0060071 0.00668 0.01098 3.2656 2.3796 2.7157 3.7421
86.5 0.0083455 0.0059947 0.0066662 0.010958 3.2423 2.361 2.6952 3.7166
86.6 0.0083283 0.0059823 0.0066524 0.010935 3.2191 2.3425 2.6749 3.6912
86.7 0.0083111 0.00597 0.0066387 0.010912 3.196 2.3241 2.6546 3.666
86.8 0.008294 0.0059577 0.006625 0.01089 3.1731 2.3059 2.6345 3.6408
86.9 0.0082769 0.0059454 0.0066114 0.010868 3.1502 2.2877 2.6145 3.6158
87 0.0082599 0.0059332 0.0065978 0.010845 3.1275 2.2697 2.5946 3.591
87.1 0.0082429 0.005921 0.0065842 0.010823 3.105 2.2518 2.5748 3.5662
87.2 0.008226 0.0059088 0.0065707 0.010801 3.0825 2.2339 2.5551 3.5416
87.3 0.0082091 0.0058967 0.0065572 0.010778 3.0601 2.2162 2.5355 3.5171
87.4 0.0081922 0.0058846 0.0065437 0.010756 3.0379 2.1986 2.5161 3.4928
87.5 0.0081754 0.0058725 0.0065303 0.010734 3.0158 2.1811 2.4968 3.4685
87.6 0.0081586 0.0058605 0.0065169 0.010712 2.9938 2.1637 2.4776 3.4444
87.7 0.0081419 0.0058485 0.0065036 0.01069 2.972 2.1465 2.4585 3.4204
87.8 0.0081252 0.0058365 0.0064902 0.010668 2.9503 2.1293 2.4395 3.3966
87.9 0.0081086 0.0058245 0.006477 0.010647 2.9286 2.1122 2.4206 3.3729
88 0.008092 0.0058126 0.0064637 0.010625 2.9071 2.0953 2.4018 3.3492
88.1 0.0080755 0.0058007 0.0064505 0.010603 2.8858 2.0784 2.3832 3.3258
88.2 0.008059 0.0057889 0.0064373 0.010581 2.8645 2.0617 2.3646 3.3024
88.3 0.0080425 0.0057771 0.0064242 0.01056 2.8434 2.045 2.3462 3.2792
88.4 0.0080261 0.0057653 0.006411 0.010538 2.8223 2.0285 2.3279 3.256
88.5 0.0080097 0.0057535 0.006398 0.010517 2.8014 2.0121 2.3097 3.233
88.6 0.0079934 0.0057418 0.0063849 0.010495 2.7807 1.9957 2.2916 3.2102
88.7 0.0079771 0.0057301 0.0063719 0.010474 2.76 1.9795 2.2736 3.1874
88.8 0.0079609 0.0057184 0.0063589 0.010453 2.7394 1.9634 2.2557 3.1648
88.9 0.0079447 0.0057068 0.006346 0.010431 2.719 1.9474 2.2379 3.1423
89 0.0079285 0.0056951 0.0063331 0.01041 2.6987 1.9315 2.2203 3.1199
89.1 0.0079124 0.0056836 0.0063202 0.010389 2.6785 1.9157 2.2027 3.0976
89.2 0.0078963 0.005672 0.0063074 0.010368 2.6584 1.9 2.1853 3.0755
89.3 0.0078803 0.0056605 0.0062946 0.010347 2.6384 1.8843 2.1679 3.0535
89.4 0.0078643 0.005649 0.0062818 0.010326 2.6186 1.8688 2.1507 3.0315
89.5 0.0078483 0.0056376 0.006269 0.010305 2.5988 1.8534 2.1336 3.0098
89.6 0.0078324 0.0056261 0.0062563 0.010284 2.5792 1.8381 2.1166 2.9881
89.7 0.0078166 0.0056147 0.0062437 0.010263 2.5597 1.8229 2.0996 2.9665
89.8 0.0078007 0.0056034 0.006231 0.010242 2.5403 1.8078 2.0828 2.9451
89.9 0.0077849 0.005592 0.0062184 0.010222 2.521 1.7928 2.0661 2.9238
90 0.0077692 0.0055807 0.0062058 0.010201 2.5018 1.7779 2.0495 2.9026
90.1 0.0077535 0.0055694 0.0061933 0.01018 2.4827 1.7631 2.033 2.8815
90.2 0.0077378 0.0055582 0.0061808 0.01016 2.4638 1.7484 2.0166 2.8605
90.3 0.0077222 0.005547 0.0061683 0.010139 2.4449 1.7338 2.0004 2.8397
90.4 0.0077066 0.0055358 0.0061559 0.010119 2.4262 1.7192 1.9842 2.8189
90.5 0.0076911 0.0055246 0.0061434 0.010098 2.4076 1.7048 1.9681 2.7983
90.6 0.0076756 0.0055135 0.0061311 0.010078 2.389 1.6905 1.9521 2.7778
90.7 0.0076601 0.0055024 0.0061187 0.010058 2.3706 1.6763 1.9362 2.7574
90.8 0.0076447 0.0054913 0.0061064 0.010037 2.3523 1.6621 1.9205 2.7371
90.9 0.0076294 0.0054803 0.0060941 0.010017 2.3342 1.6481 1.9048 2.717
91 0.007614 0.0054692 0.0060819 0.0099971 2.3161 1.6342 1.8892 2.6969
91.1 0.0075987 0.0054583 0.0060697 0.009977 2.2981 1.6203 1.8737 2.677
91.2 0.0075835 0.0054473 0.0060575 0.009957 2.2802 1.6066 1.8584 2.6571
91.3 0.0075682 0.0054364 0.0060453 0.009937 2.2625 1.5929 1.8431 2.6374
91.4 0.0075531 0.0054255 0.0060332 0.0099171 2.2448 1.5793 1.8279 2.6178
91.5 0.0075379 0.0054146 0.0060211 0.0098972 2.2273 1.5659 1.8128 2.5983
91.6 0.0075228 0.0054037 0.006009 0.0098774 2.2099 1.5525 1.7979 2.579
91.7 0.0075078 0.0053929 0.005997 0.0098576 2.1925 1.5392 1.783 2.5597
91.8 0.0074928 0.0053821 0.005985 0.0098379 2.1753 1.526 1.7682 2.5405
91.9 0.0074778 0.0053714 0.005973 0.0098183 2.1582 1.5129 1.7535 2.5215
92 0.0074628 0.0053606 0.0059611 0.0097986 2.1412 1.4999 1.7389 2.5025
92.1 0.0074479 0.0053499 0.0059492 0.0097791 2.1243 1.4869 1.7244 2.4837
92.2 0.0074331 0.0053393 0.0059373 0.0097596 2.1075 1.4741 1.71 2.465
92.3 0.0074182 0.0053286 0.0059255 0.0097401 2.0908 1.4614 1.6957 2.4464
92.4 0.0074035 0.005318 0.0059137 0.0097207 2.0742 1.4487 1.6815 2.4279
92.5 0.0073887 0.0053074 0.0059019 0.0097013 2.0577 1.4361 1.6674 2.4095
92.6 0.007374 0.0052968 0.0058902 0.009682 2.0413 1.4236 1.6534 2.3912
92.7 0.0073593 0.0052863 0.0058784 0.0096627 2.025 1.4113 1.6395 2.373
92.8 0.0073447 0.0052758 0.0058667 0.0096435 2.0088 1.399 1.6257 2.355
92.9 0.0073301 0.0052653 0.0058551 0.0096244 1.9927 1.3867 1.6119 2.337
93 0.0073156 0.0052548 0.0058435 0.0096053 1.9768 1.3746 1.5983 2.3191
93.1 0.007301 0.0052444 0.0058319 0.0095862 1.9609 1.3626 1.5847 2.3014
93.2 0.0072866 0.005234 0.0058203 0.0095672 1.9451 1.3506 1.5713 2.2837
93.3 0.0072721 0.0052236 0.0058088 0.0095482 1.9294 1.3387 1.5579 2.2662
93.4 0.0072577 0.0052133 0.0057973 0.0095293 1.9138 1.3269 1.5447 2.2488
93.5 0.0072433 0.005203 0.0057858 0.0095104 1.8983 1.3152 1.5315 2.2314
93.6 0.007229 0.0051927 0.0057743 0.0094916 1.883 1.3036 1.5184 2.2142
93.7 0.0072147 0.0051824 0.0057629 0.0094729 1.8677 1.2921 1.5054 2.1971
93.8 0.0072005 0.0051722 0.0057515 0.0094541 1.8525 1.2806 1.4925 2.18
93.9 0.0071862 0.005162 0.0057402 0.0094355 1.8374 1.2693 1.4797 2.1631
94 0.0071721 0.0051518 0.0057288 0.0094169 1.8224 1.258 1.4669 2.1463
94.1 0.0071579 0.0051416 0.0057175 0.0093983 1.8075 1.2468 1.4543 2.1296
94.2 0.0071438 0.0051315 0.0057063 0.0093798 1.7927 1.2357 1.4417 2.113
94.3 0.0071297 0.0051214 0.005695 0.0093613 1.778 1.2246 1.4293 2.0965
94.4 0.0071157 0.0051113 0.0056838 0.0093429 1.7634 1.2137 1.4169 2.0801
94.5 0.0071017 0.0051012 0.0056726 0.0093245 1.7489 1.2028 1.4046 2.0638
94.6 0.0070877 0.0050912 0.0056615 0.0093062 1.7345 1.192 1.3924 2.0475
94.7 0.0070738 0.0050812 0.0056504 0.0092879 1.7201 1.1813 1.3803 2.0314
94.8 0.0070599 0.0050712 0.0056393 0.0092696 1.7059 1.1707 1.3682 2.0154
94.9 0.0070461 0.0050613 0.0056282 0.0092514 1.6918 1.1601 1.3563 1.9995
95 0.0070323 0.0050513 0.0056172 0.0092333 1.6777 1.1496 1.3444 1.9837
95.1 0.0070185 0.0050415 0.0056062 0.0092152 1.6638 1.1393 1.3326 1.968
95.2 0.0070047 0.0050316 0.0055952 0.0091972 1.6499 1.1289 1.3209 1.9524
95.3 0.006991 0.0050217 0.0055842 0.0091792 1.6362 1.1187 1.3093 1.9369
95.4 0.0069774 0.0050119 0.0055733 0.0091612 1.6225 1.1085 1.2978 1.9214
95.5 0.0069637 0.0050021 0.0055624 0.0091433 1.6089 1.0984 1.2864 1.9061
95.6 0.0069501 0.0049923 0.0055516 0.0091254 1.5954 1.0884 1.275 1.8909
95.7 0.0069366 0.0049826 0.0055407 0.0091076 1.582 1.0785 1.2637 1.8758
95.8 0.006923 0.0049729 0.0055299 0.0090899 1.5687 1.0686 1.2525 1.8607
95.9 0.0069095 0.0049632 0.0055191 0.0090721 1.5555 1.0589 1.2414 1.8458
96 0.0068961 0.0049535 0.0055084 0.0090545 1.5424 1.0492 1.2304 1.831
96.1 0.0068826 0.0049439 0.0054977 0.0090368 1.5293 1.0395 1.2194 1.8162
96.2 0.0068692 0.0049342 0.005487 0.0090193 1.5164 1.03 1.2086 1.8016
96.3 0.0068559 0.0049247 0.0054763 0.0090017 1.5035 1.0205 1.1978 1.787
96.4 0.0068426 0.0049151 0.0054656 0.0089842 1.4908 1.0111 1.1871 1.7725
96.5 0.0068293 0.0049055 0.005455 0.0089668 1.4781 1.0017 1.1764 1.7582
96.6 0.006816 0.004896 0.0054445 0.0089494 1.4655 0.99246 1.1659 1.7439
96.7 0.0068028 0.0048865 0.0054339 0.008932 1.453 0.98327 1.1554 1.7297
96.8 0.0067896 0.0048771 0.0054234 0.0089147 1.4406 0.97415 1.145 1.7156
96.9 0.0067765 0.0048676 0.0054129 0.0088975 1.4282 0.9651 1.1347 1.7016
97 0.0067634 0.0048582 0.0054024 0.0088802 1.416 0.95612 1.1245 1.6877
97.1 0.0067503 0.0048488 0.0053919 0.0088631 1.4038 0.94721 1.1143 1.6739
97.2 0.0067372 0.0048394 0.0053815 0.0088459 1.3917 0.93837 1.1042 1.6601
97.3 0.0067242 0.0048301 0.0053711 0.0088289 1.3797 0.92961 1.0942 1.6465
97.4 0.0067112 0.0048208 0.0053608 0.0088118 1.3678 0.92091 1.0843 1.6329
97.5 0.0066983 0.0048115 0.0053504 0.0087948 1.356 0.91228 1.0744 1.6195
97.6 0.0066854 0.0048022 0.0053401 0.0087779 1.3443 0.90372 1.0646 1.6061
97.7 0.0066725 0.0047929 0.0053298 0.008761 1.3326 0.89523 1.0549 1.5928
97.8 0.0066597 0.0047837 0.0053196 0.0087441 1.321 0.8868 1.0453 1.5796
97.9 0.0066469 0.0047745 0.0053093 0.0087273 1.3095 0.87845 1.0357 1.5665
98 0.0066341 0.0047653 0.0052991 0.0087105 1.2981 0.87016 1.0262 1.5535
98.1 0.0066213 0.0047562 0.0052889 0.0086938 1.2868 0.86194 1.0168 1.5406
98.2 0.0066086 0.004747 0.0052788 0.0086771 1.2755 0.85378 1.0075 1.5278
98.3 0.0065959 0.0047379 0.0052687 0.0086604 1.2644 0.84569 0.9982 1.515
98.4 0.0065833 0.0047288 0.0052585 0.0086438 1.2533 0.83767 0.989 1.5023
98.5 0.0065707 0.0047198 0.0052485 0.0086273 1.2423 0.82971 0.97988 1.4898
98.6 0.0065581 0.0047107 0.0052384 0.0086107 1.2313 0.82181 0.97082 1.4773
98.7 0.0065456 0.0047017 0.0052284 0.0085943 1.2205 0.81398 0.96184 1.4648
98.8 0.006533 0.0046927 0.0052184 0.0085778 1.2097 0.80622 0.95292 1.4525
98.9 0.0065206 0.0046838 0.0052084 0.0085615 1.199 0.79852 0.94408 1.4403
99 0.0065081 0.0046748 0.0051985 0.0085451 1.1884 0.79088 0.9353 1.4281
99.1 0.0064957 0.0046659 0.0051886 0.0085288 1.1779 0.7833 0.9266 1.416
99.2 0.0064833 0.004657 0.0051787 0.0085126 1.1674 0.77579 0.91796 1.4041
99.3 0.006471 0.0046482 0.0051688 0.0084963 1.1571 0.76834 0.90939 1.3921
99.4 0.0064586 0.0046393 0.005159 0.0084802 1.1468 0.76095 0.90089 1.3803
99.5 0.0064464 0.0046305 0.0051492 0.008464 1.1365 0.75363 0.89246 1.3686
99.6 0.0064341 0.0046217 0.0051394 0.0084479 1.1264 0.74636 0.88409 1.3569
99.7 0.0064219 0.0046129 0.0051296 0.0084319 1.1163 0.73915 0.87579 1.3453
99.8 0.0064097 0.0046041 0.0051199 0.0084159 1.1063 0.73201 0.86756 1.3338
99.9 0.0063975 0.0045954 0.0051102 0.0083999 1.0964 0.72493 0.8594 1.3224
100 0.0063854 0.0045867 0.0051005 0.008384 1.0865 0.7179 0.8513 1.3111
100.1 0.0063733 0.004578 0.0050908 0.0083681 1.0767 0.71093 0.84326 1.2998
100.2 0.0063612 0.0045693 0.0050812 0.0083523 1.067 0.70403 0.83529 1.2886
100.3 0.0063492 0.0045607 0.0050716 0.0083365 1.0574 0.69718 0.82739 1.2775
100.4 0.0063372 0.0045521 0.005062 0.0083207 1.0479 0.69039 0.81955 1.2665
100.5 0.0063252 0.0045435 0.0050524 0.008305 1.0384 0.68366 0.81177 1.2556
100.6 0.0063133 0.0045349 0.0050429 0.0082893 1.029 0.67698 0.80406 1.2447
100.7 0.0063014 0.0045263 0.0050334 0.0082737 1.0196 0.67036 0.79641 1.2339
100.8 0.0062895 0.0045178 0.0050239 0.0082581 1.0104 0.6638 0.78882 1.2232
100.9 0.0062777 0.0045093 0.0050144 0.0082425 1.0012 0.6573 0.78129 1.2126
101 0.0062658 0.0045008 0.005005 0.008227 0.99203 0.65085 0.77383 1.202
101.1 0.0062541 0.0044923 0.0049956 0.0082115 0.98298 0.64445 0.76643 1.1916
101.2 0.0062423 0.0044839 0.0049862 0.0081961 0.97399 0.63811 0.75909 1.1812
101.3 0.0062306 0.0044755 0.0049768 0.0081807 0.96507 0.63183 0.75181 1.1708
101.4 0.0062189 0.0044671 0.0049675 0.0081654 0.95622 0.6256 0.74459 1.1606
101.5 0.0062072 0.0044587 0.0049581 0.00815 0.94744 0.61943 0.73743 1.1504
101.6 0.0061956 0.0044503 0.0049489 0.0081348 0.93873 0.6133 0.73033 1.1403
101.7 0.006184 0.004442 0.0049396 0.0081195 0.93009 0.60724 0.72329 1.1303
101.8 0.0061724 0.0044337 0.0049303 0.0081043 0.92152 0.60122 0.71631 1.1203
101.9 0.0061609 0.0044254 0.0049211 0.0080892 0.91301 0.59526 0.70939 1.1104
102 0.0061494 0.0044171 0.0049119 0.0080741 0.90457 0.58935 0.70252 1.1006
102.1 0.0061379 0.0044089 0.0049028 0.008059 0.89619 0.58349 0.69572 1.0909
102.2 0.0061264 0.0044007 0.0048936 0.008044 0.88788 0.57768 0.68897 1.0812
102.3 0.006115 0.0043925 0.0048845 0.008029 0.87964 0.57193 0.68228 1.0716
102.4 0.0061036 0.0043843 0.0048754 0.008014 0.87146 0.56622 0.67564 1.0621
102.5 0.0060923 0.0043761 0.0048663 0.0079991 0.86335 0.56057 0.66907 1.0527
102.6 0.0060809 0.004368 0.0048573 0.0079842 0.8553 0.55497 0.66254 1.0433
102.7 0.0060696 0.0043599 0.0048482 0.0079694 0.84732 0.54941 0.65608 1.034
102.8 0.0060583 0.0043518 0.0048392 0.0079546 0.8394 0.54391 0.64967 1.0247
102.9 0.0060471 0.0043437 0.0048302 0.0079398 0.83155 0.53845 0.64331 1.0156
103 0.0060359 0.0043356 0.0048213 0.0079251 0.82375 0.53304 0.63701 1.0065
103.1 0.0060247 0.0043276 0.0048124 0.0079104 0.81602 0.52769 0.63076 0.99745
103.2 0.0060135 0.0043196 0.0048034 0.0078958 0.80836 0.52238 0.62457 0.98849
103.3 0.0060024 0.0043116 0.0047946 0.0078811 0.80075 0.51711 0.61843 0.97959
103.4 0.0059913 0.0043036 0.0047857 0.0078666 0.79321 0.5119 0.61234 0.97077
103.5 0.0059803 0.0042957 0.0047768 0.007852 0.78572 0.50673 0.60631 0.96201
103.6 0.0059692 0.0042877 0.004768 0.0078375 0.7783 0.50161 0.60033 0.95332
103.7 0.0059582 0.0042798 0.0047592 0.0078231 0.77094 0.49654 0.5944 0.9447
103.8 0.0059472 0.0042719 0.0047505 0.0078087 0.76364 0.49151 0.58853 0.93614
103.9 0.0059363 0.0042641 0.0047417 0.0077943 0.7564 0.48653 0.5827 0.92765
104 0.0059253 0.0042562 0.004733 0.0077799 0.74922 0.48159 0.57693 0.91922
104.1 0.0059144 0.0042484 0.0047243 0.0077656 0.7421 0.4767 0.5712 0.91086
104.2 0.0059036 0.0042406 0.0047156 0.0077514 0.73504 0.47185 0.56553 0.90256
104.3 0.0058927 0.0042328 0.0047069 0.0077371 0.72803 0.46705 0.55991 0.89433
104.4 0.0058819 0.004225 0.0046983 0.0077229 0.72108 0.46229 0.55433 0.88616
104.5 0.0058711 0.0042173 0.0046897 0.0077088 0.7142 0.45757 0.54881 0.87806
104.6 0.0058604 0.0042096 0.0046811 0.0076947 0.70736 0.4529 0.54333 0.87002
104.7 0.0058497 0.0042019 0.0046725 0.0076806 0.70059 0.44827 0.53791 0.86204
104.8 0.005839 0.0041942 0.004664 0.0076665 0.69387 0.44369 0.53253 0.85413
104.9 0.0058283 0.0041865 0.0046555 0.0076525 0.68721 0.43914 0.5272 0.84628
105 0.0058177 0.0041789 0.004647 0.0076386 0.6806 0.43464 0.52192 0.83849
105.1 0.005807 0.0041712 0.0046385 0.0076246 0.67405 0.43018 0.51668 0.83076
105.2 0.0057965 0.0041636 0.00463 0.0076107 0.66756 0.42577 0.5115 0.82309
105.3 0.0057859 0.004156 0.0046216 0.0075969 0.66112 0.42139 0.50635 0.81549
105.4 0.0057754 0.0041485 0.0046132 0.007583 0.65473 0.41705 0.50126 0.80794
105.5 0.0057649 0.0041409 0.0046048 0.0075692 0.6484 0.41276 0.49621 0.80046
105.6 0.0057544 0.0041334 0.0045964 0.0075555 0.64212 0.4085 0.49121 0.79303
105.7 0.0057439 0.0041259 0.0045881 0.0075418 0.6359 0.40429 0.48625 0.78567
105.8 0.0057335 0.0041184 0.0045798 0.0075281 0.62973 0.40011 0.48134 0.77836
105.9 0.0057231 0.004111 0.0045715 0.0075144 0.62361 0.39598 0.47647 0.77111
106 0.0057128 0.0041035 0.0045632 0.0075008 0.61755 0.39188 0.47165 0.76393
106.1 0.0057024 0.0040961 0.0045549 0.0074872 0.61153 0.38782 0.46687 0.7568
106.2 0.0056921 0.0040887 0.0045467 0.0074737 0.60557 0.3838 0.46213 0.74972
106.3 0.0056818 0.0040813 0.0045385 0.0074602 0.59966 0.37982 0.45744 0.74271
106.4 0.0056716 0.0040739 0.0045303 0.0074467 0.5938 0.37588 0.45279 0.73575
106.5 0.0056613 0.0040666 0.0045221 0.0074333 0.58799 0.37197 0.44818 0.72885
106.6 0.0056511 0.0040592 0.0045139 0.0074199 0.58223 0.3681 0.44362 0.722
106.7 0.005641 0.0040519 0.0045058 0.0074065 0.57652 0.36427 0.43909 0.71521
106.8 0.0056308 0.0040446 0.0044977 0.0073932 0.57087 0.36047 0.43461 0.70848
106.9 0.0056207 0.0040374 0.0044896 0.0073799 0.56526 0.35672 0.43017 0.7018
107 0.0056106 0.0040301 0.0044816 0.0073667 0.5597 0.35299 0.42577 0.69518
107.1 0.0056005 0.0040229 0.0044735 0.0073534 0.55418 0.3493 0.42142 0.68861
107.2 0.0055905 0.0040157 0.0044655 0.0073403 0.54872 0.34565 0.4171 0.6821
107.3 0.0055804 0.0040085 0.0044575 0.0073271 0.54331 0.34204 0.41282 0.67564
107.4 0.0055705 0.0040013 0.0044495 0.007314 0.53794 0.33845 0.40859 0.66923
107.5 0.0055605 0.0039941 0.0044415 0.0073009 0.53262 0.33491 0.40439 0.66288
107.6 0.0055506 0.003987 0.0044336 0.0072879 0.52734 0.33139 0.40023 0.65658
107.7 0.0055406 0.0039799 0.0044257 0.0072748 0.52212 0.32791 0.39611 0.65033
107.8 0.0055308 0.0039728 0.0044178 0.0072619 0.51694 0.32447 0.39203 0.64414
107.9 0.0055209 0.0039657 0.0044099 0.0072489 0.5118 0.32106 0.38799 0.63799
108 0.0055111 0.0039586 0.0044021 0.007236 0.50671 0.31768 0.38399 0.6319
108.1 0.0055012 0.0039516 0.0043942 0.0072231 0.50167 0.31433 0.38002 0.62586
108.2 0.0054915 0.0039446 0.0043864 0.0072103 0.49667 0.31102 0.3761 0.61987
108.3 0.0054817 0.0039375 0.0043786 0.0071975 0.49172 0.30774 0.3722 0.61394
108.4 0.005472 0.0039306 0.0043708 0.0071847 0.48681 0.30449 0.36835 0.60805
108.5 0.0054623 0.0039236 0.0043631 0.0071719 0.48195 0.30127 0.36453 0.60221
108.6 0.0054526 0.0039166 0.0043554 0.0071592 0.47713 0.29809 0.36075 0.59642
108.7 0.0054429 0.0039097 0.0043477 0.0071466 0.47235 0.29493 0.35701 0.59068
108.8 0.0054333 0.0039028 0.00434 0.0071339 0.46761 0.29181 0.3533 0.58499
108.9 0.0054237 0.0038959 0.0043323 0.0071213 0.46292 0.28872 0.34962 0.57935
109 0.0054141 0.003889 0.0043246 0.0071087 0.45827 0.28566 0.34598 0.57376
109.1 0.0054046 0.0038821 0.004317 0.0070962 0.45367 0.28263 0.34238 0.56821
109.2 0.0053951 0.0038753 0.0043094 0.0070837 0.4491 0.27962 0.33881 0.56271
109.3 0.0053855 0.0038685 0.0043018 0.0070712 0.44458 0.27665 0.33527 0.55726
109.4 0.0053761 0.0038617 0.0042942 0.0070588 0.44009 0.27371 0.33177 0.55186
109.5 0.0053666 0.0038549 0.0042867 0.0070464 0.43565 0.2708 0.32831 0.54651
109.6 0.0053572 0.0038481 0.0042792 0.007034 0.43125 0.26791 0.32487 0.5412
109.7 0.0053478 0.0038413 0.0042716 0.0070216 0.42689 0.26506 0.32147 0.53593
109.8 0.0053384 0.0038346 0.0042642 0.0070093 0.42257 0.26223 0.3181 0.53071
109.9 0.0053291 0.0038279 0.0042567 0.006997 0.41829 0.25943 0.31477 0.52554
110 0.0053197 0.0038212 0.0042492 0.0069848 0.41405 0.25666 0.31147 0.52041
110.1 0.0053104 0.0038145 0.0042418 0.0069726 0.40985 0.25392 0.3082 0.51533
110.2 0.0053012 0.0038078 0.0042344 0.0069604 0.40569 0.2512 0.30496 0.51029
110.3 0.0052919 0.0038012 0.004227 0.0069482 0.40156 0.24851 0.30175 0.5053
110.4 0.0052827 0.0037946 0.0042196 0.0069361 0.39747 0.24585 0.29857 0.50035
110.5 0.0052735 0.003788 0.0042123 0.006924 0.39343 0.24322 0.29543 0.49544
110.6 0.0052643 0.0037814 0.0042049 0.006912 0.38942 0.24061 0.29232 0.49058
110.7 0.0052551 0.0037748 0.0041976 0.0069 0.38544 0.23803 0.28923 0.48576
110.8 0.005246 0.0037682 0.0041903 0.006888 0.38151 0.23547 0.28618 0.48098
110.9 0.0052369 0.0037617 0.0041831 0.006876 0.37761 0.23294 0.28316 0.47625
111 0.0052278 0.0037552 0.0041758 0.0068641 0.37374 0.23044 0.28016 0.47155
111.1 0.0052188 0.0037487 0.0041686 0.0068522 0.36992 0.22796 0.2772 0.4669
111.2 0.0052097 0.0037422 0.0041614 0.0068403 0.36613 0.22551 0.27426 0.46229
111.3 0.0052007 0.0037357 0.0041542 0.0068285 0.36237 0.22308 0.27136 0.45772
111.4 0.0051917 0.0037292 0.004147 0.0068167 0.35865 0.22067 0.26848 0.4532
111.5 0.0051828 0.0037228 0.0041398 0.0068049 0.35497 0.21829 0.26563 0.44871
111.6 0.0051738 0.0037164 0.0041327 0.0067932 0.35132 0.21594 0.26281 0.44426
111.7 0.0051649 0.00371 0.0041256 0.0067815 0.3477 0.21361 0.26002 0.43985
111.8 0.005156 0.0037036 0.0041185 0.0067698 0.34412 0.2113 0.25726 0.43549
111.9 0.0051471 0.0036972 0.0041114 0.0067582 0.34057 0.20901 0.25452 0.43116
112 0.0051383 0.0036909 0.0041043 0.0067466 0.33706 0.20675 0.25181 0.42687
112.1 0.0051295 0.0036845 0.0040973 0.006735 0.33358 0.20452 0.24913 0.42262
112.2 0.0051207 0.0036782 0.0040902 0.0067234 0.33013 0.2023 0.24647 0.41841
112.3 0.0051119 0.0036719 0.0040832 0.0067119 0.32672 0.20011 0.24384 0.41423
112.4 0.0051032 0.0036656 0.0040762 0.0067004 0.32334 0.19794 0.24124 0.4101
112.5 0.0050944 0.0036594 0.0040693 0.006689 0.31999 0.19579 0.23866 0.406
112.6 0.0050857 0.0036531 0.0040623 0.0066776 0.31667 0.19367 0.23611 0.40194
112.7 0.0050771 0.0036469 0.0040554 0.0066662 0.31339 0.19157 0.23359 0.39792
112.8 0.0050684 0.0036407 0.0040485 0.0066548 0.31013 0.18948 0.23109 0.39393
112.9 0.0050598 0.0036345 0.0040416 0.0066435 0.30691 0.18742 0.22861 0.38998
113 0.0050512 0.0036283 0.0040347 0.0066322 0.30372 0.18539 0.22616 0.38606
113.1 0.0050426 0.0036221 0.0040278 0.0066209 0.30056 0.18337 0.22374 0.38219
113.2 0.005034 0.0036159 0.004021 0.0066096 0.29743 0.18137 0.22134 0.37834
113.3 0.0050255 0.0036098 0.0040142 0.0065984 0.29433 0.17939 0.21896 0.37454
113.4 0.0050169 0.0036037 0.0040074 0.0065872 0.29126 0.17744 0.21661 0.37077
113.5 0.0050084 0.0035976 0.0040006 0.0065761 0.28822 0.1755 0.21428 0.36703
113.6 0.005 0.0035915 0.0039938 0.006565 0.28521 0.17359 0.21198 0.36333
113.7 0.0049915 0.0035854 0.0039871 0.0065539 0.28223 0.17169 0.2097 0.35966
113.8 0.0049831 0.0035794 0.0039803 0.0065428 0.27928 0.16982 0.20744 0.35602
113.9 0.0049747 0.0035733 0.0039736 0.0065318 0.27636 0.16796 0.20521 0.35242
114 0.0049663 0.0035673 0.0039669 0.0065208 0.27346 0.16613 0.20299 0.34886
114.1 0.004958 0.0035613 0.0039603 0.0065098 0.2706 0.16431 0.2008 0.34532
114.2 0.0049496 0.0035553 0.0039536 0.0064988 0.26776 0.16251 0.19864 0.34182
114.3 0.0049413 0.0035494 0.003947 0.0064879 0.26495 0.16073 0.19649 0.33835
114.4 0.004933 0.0035434 0.0039403 0.006477 0.26217 0.15897 0.19437 0.33492
114.5 0.0049247 0.0035375 0.0039337 0.0064662 0.25941 0.15723 0.19227 0.33152
114.6 0.0049165 0.0035315 0.0039271 0.0064553 0.25668 0.1555 0.19019 0.32814
114.7 0.0049083 0.0035256 0.0039206 0.0064445 0.25398 0.1538 0.18813 0.3248
114.8 0.0049001 0.0035197 0.003914 0.0064338 0.25131 0.15211 0.18609 0.3215
114.9 0.0048919 0.0035139 0.0039075 0.006423 0.24866 0.15044 0.18408 0.31822
115 0.0048837 0.003508 0.003901 0.0064123 0.24604 0.14879 0.18208 0.31497
115.1 0.0048756 0.0035021 0.0038945 0.0064016 0.24344 0.14715 0.18011 0.31176
115.2 0.0048675 0.0034963 0.003888 0.006391 0.24087 0.14553 0.17815 0.30857
115.3 0.0048594 0.0034905 0.0038815 0.0063803 0.23833 0.14393 0.17622 0.30542
115.4 0.0048513 0.0034847 0.0038751 0.0063697 0.23581 0.14235 0.17431 0.30229
115.5 0.0048433 0.0034789 0.0038686 0.0063592 0.23331 0.14078 0.17241 0.2992
115.6 0.0048352 0.0034732 0.0038622 0.0063486 0.23084 0.13923 0.17054 0.29613
115.7 0.0048272 0.0034674 0.0038558 0.0063381 0.2284 0.1377 0.16868 0.2931
115.8 0.0048192 0.0034617 0.0038494 0.0063276 0.22598 0.13618 0.16685 0.29009
115.9 0.0048113 0.003456 0.0038431 0.0063172 0.22358 0.13468 0.16503 0.28711
116 0.0048033 0.0034503 0.0038367 0.0063068 0.22121 0.13319 0.16323 0.28416
116.1 0.0047954 0.0034446 0.0038304 0.0062964 0.21886 0.13172 0.16145 0.28124
116.2 0.0047875 0.0034389 0.0038241 0.006286 0.21653 0.13027 0.15969 0.27834
116.3 0.0047796 0.0034332 0.0038178 0.0062757 0.21423 0.12883 0.15795 0.27548
116.4 0.0047718 0.0034276 0.0038115 0.0062653 0.21195 0.1274 0.15623 0.27264
116.5 0.0047639 0.003422 0.0038053 0.0062551 0.2097 0.12599 0.15452 0.26983
116.6 0.0047561 0.0034163 0.003799 0.0062448 0.20746 0.1246 0.15283 0.26704
116.7 0.0047483 0.0034108 0.0037928 0.0062346 0.20525 0.12322 0.15116 0.26429
116.8 0.0047406 0.0034052 0.0037866 0.0062244 0.20307 0.12186 0.14951 0.26155
116.9 0.0047328 0.0033996 0.0037804 0.0062142 0.2009 0.12051 0.14787 0.25885
117 0.0047251 0.0033941 0.0037743 0.006204 0.19875 0.11917 0.14625 0.25617
117.1 0.0047174 0.0033885 0.0037681 0.0061939 0.19663 0.11785 0.14465 0.25352
117.2 0.0047097 0.003383 0.003762 0.0061838 0.19453 0.11655 0.14307 0.25089
117.3 0.004702 0.0033775 0.0037558 0.0061738 0.19245 0.11525 0.1415 0.24829
117.4 0.0046944 0.003372 0.0037497 0.0061637 0.19039 0.11397 0.13995 0.24572
117.5 0.0046868 0.0033665 0.0037436 0.0061537 0.18835 0.11271 0.13841 0.24317
117.6 0.0046792 0.0033611 0.0037376 0.0061437 0.18634 0.11146 0.13689 0.24064
117.7 0.0046716 0.0033556 0.0037315 0.0061338 0.18434 0.11022 0.13539 0.23814
117.8 0.004664 0.0033502 0.0037255 0.0061239 0.18236 0.10899 0.1339 0.23566
117.9 0.0046565 0.0033448 0.0037195 0.006114 0.18041 0.10778 0.13243 0.23321
118 0.004649 0.0033394 0.0037134 0.0061041 0.17847 0.10658 0.13098 0.23078
118.1 0.0046415 0.003334 0.0037075 0.0060942 0.17656 0.1054 0.12954 0.22838
118.2 0.004634 0.0033286 0.0037015 0.0060844 0.17466 0.10423 0.12811 0.226
118.3 0.0046265 0.0033233 0.0036955 0.0060746 0.17278 0.10307 0.1267 0.22364
118.4 0.0046191 0.0033179 0.0036896 0.0060649 0.17092 0.10192 0.12531 0.2213
118.5 0.0046117 0.0033126 0.0036837 0.0060551 0.16909 0.10078 0.12393 0.21899
118.6 0.0046043 0.0033073 0.0036777 0.0060454 0.16727 0.099661 0.12256 0.2167
118.7 0.0045969 0.003302 0.0036719 0.0060357 0.16546 0.09855 0.12121 0.21444
118.8 0.0045895 0.0032967 0.003666 0.0060261 0.16368 0.097451 0.11987 0.2122
118.9 0.0045822 0.0032914 0.0036601 0.0060164 0.16192 0.096364 0.11855 0.20997
119 0.0045749 0.0032862 0.0036543 0.0060068 0.16017 0.095289 0.11724 0.20777
119.1 0.0045676 0.0032809 0.0036485 0.0059973 0.15844 0.094226 0.11595 0.2056
119.2 0.0045603 0.0032757 0.0036426 0.0059877 0.15673 0.093174 0.11467 0.20344
119.3 0.0045531 0.0032705 0.0036368 0.0059782 0.15504 0.092133 0.1134 0.20131
119.4 0.0045458 0.0032653 0.0036311 0.0059687 0.15336 0.091104 0.11215 0.19919
119.5 0.0045386 0.0032601 0.0036253 0.0059592 0.15171 0.090086 0.11091 0.1971
119.6 0.0045314 0.0032549 0.0036196 0.0059498 0.15006 0.089079 0.10968 0.19503
119.7 0.0045243 0.0032498 0.0036138 0.0059403 0.14844 0.088083 0.10847 0.19298
119.8 0.0045171 0.0032446 0.0036081 0.0059309 0.14683 0.087098 0.10726 0.19095
119.9 0.00451 0.0032395 0.0036024 0.0059216 0.14524 0.086123 0.10608 0.18894
120 0.0045028 0.0032344 0.0035967 0.0059122 0.14367 0.08516 0.1049 0.18695
120.1 0.0044957 0.0032293 0.0035911 0.0059029 0.14211 0.084206 0.10374 0.18498
120.2 0.0044887 0.0032242 0.0035854 0.0058936 0.14057 0.083263 0.10259 0.18303
120.3 0.0044816 0.0032192 0.0035798 0.0058843 0.13905 0.082331 0.10145 0.1811
120.4 0.0044746 0.0032141 0.0035741 0.0058751 0.13754 0.081408 0.10033 0.17918
120.5 0.0044676 0.0032091 0.0035685 0.0058659 0.13604 0.080496 0.099214 0.17729
120.6 0.0044606 0.003204 0.0035629 0.0058567 0.13457 0.079594 0.098112 0.17542
120.7 0.0044536 0.003199 0.0035574 0.0058475 0.1331 0.078701 0.097023 0.17356
120.8 0.0044466 0.003194 0.0035518 0.0058384 0.13166 0.077818 0.095945 0.17173
120.9 0.0044397 0.003189 0.0035463 0.0058293 0.13022 0.076945 0.094879 0.16991
121 0.0044328 0.0031841 0.0035407 0.0058202 0.12881 0.076082 0.093825 0.16811
121.1 0.0044259 0.0031791 0.0035352 0.0058111 0.1274 0.075228 0.092782 0.16633
121.2 0.004419 0.0031742 0.0035297 0.0058021 0.12602 0.074383 0.09175 0.16457
121.3 0.0044121 0.0031692 0.0035242 0.0057931 0.12464 0.073547 0.090729 0.16282
121.4 0.0044053 0.0031643 0.0035188 0.0057841 0.12329 0.072721 0.08972 0.1611
121.5 0.0043984 0.0031594 0.0035133 0.0057751 0.12194 0.071904 0.088721 0.15939
121.6 0.0043916 0.0031545 0.0035079 0.0057662 0.12061 0.071096 0.087733 0.15769
121.7 0.0043848 0.0031496 0.0035025 0.0057573 0.1193 0.070296 0.086756 0.15602
121.8 0.0043781 0.0031448 0.0034971 0.0057484 0.11799 0.069506 0.08579 0.15436
121.9 0.0043713 0.0031399 0.0034917 0.0057396 0.1167 0.068724 0.084834 0.15272
122 0.0043646 0.0031351 0.0034863 0.0057307 0.11543 0.067951 0.083888 0.1511
122.1 0.0043579 0.0031303 0.0034809 0.0057219 0.11417 0.067186 0.082953 0.14949
122.2 0.0043512 0.0031255 0.0034756 0.0057131 0.11292 0.06643 0.082027 0.1479
122.3 0.0043445 0.0031207 0.0034703 0.0057044 0.11169 0.065682 0.081112 0.14632
122.4 0.0043379 0.0031159 0.0034649 0.0056956 0.11046 0.064942 0.080207 0.14476
122.5 0.0043312 0.0031111 0.0034596 0.0056869 0.10925 0.064211 0.079311 0.14322
122.6 0.0043246 0.0031064 0.0034544 0.0056782 0.10806 0.063487 0.078426 0.14169
122.7 0.004318 0.0031016 0.0034491 0.0056695 0.10688 0.062772 0.07755 0.14018
122.8 0.0043114 0.0030969 0.0034438 0.0056609 0.1057 0.062064 0.076683 0.13868
122.9 0.0043049 0.0030922 0.0034386 0.0056523 0.10455 0.061364 0.075826 0.1372
123 0.0042983 0.0030875 0.0034334 0.0056437 0.1034 0.060672 0.074979 0.13573
123.1 0.0042918 0.0030828 0.0034282 0.0056351 0.10227 0.059988 0.07414 0.13428
123.2 0.0042853 0.0030781 0.003423 0.0056266 0.10114 0.059311 0.073311 0.13285
123.3 0.0042788 0.0030735 0.0034178 0.0056181 0.10003 0.058642 0.072491 0.13143
123.4 0.0042723 0.0030688 0.0034126 0.0056096 0.098935 0.05798 0.07168 0.13002
123.5 0.0042659 0.0030642 0.0034075 0.0056011 0.097849 0.057325 0.070877 0.12863
123.6 0.0042595 0.0030596 0.0034023 0.0055927 0.096774 0.056678 0.070084 0.12725
123.7 0.004253 0.003055 0.0033972 0.0055842 0.09571 0.056038 0.069299 0.12589
123.8 0.0042466 0.0030504 0.0033921 0.0055758 0.094658 0.055405 0.068523 0.12454
123.9 0.0042403 0.0030458 0.003387 0.0055675 0.093618 0.054778 0.067755 0.1232
124 0.0042339 0.0030412 0.0033819 0.0055591 0.092588 0.054159 0.066996 0.12188
124.1 0.0042276 0.0030367 0.0033768 0.0055508 0.091569 0.053547 0.066245 0.12057
124.2 0.0042212 0.0030321 0.0033718 0.0055425 0.090561 0.052942 0.065502 0.11928
124.3 0.0042149 0.0030276 0.0033668 0.0055342 0.089564 0.052343 0.064767 0.118
124.4 0.0042087 0.0030231 0.0033617 0.005526 0.088578 0.051751 0.064041 0.11673
124.5 0.0042024 0.0030186 0.0033567 0.0055177 0.087602 0.051166 0.063322 0.11547
124.6 0.0041961 0.0030141 0.0033517 0.0055095 0.086636 0.050587 0.062612 0.11423
124.7 0.0041899 0.0030096 0.0033467 0.0055013 0.085681 0.050014 0.061909 0.113
124.8 0.0041837 0.0030051 0.0033418 0.0054932 0.084737 0.049448 0.061214 0.11179
124.9 0.0041775 0.0030007 0.0033368 0.005485 0.083802 0.048888 0.060526 0.11058
125 0.0041713 0.0029962 0.0033319 0.0054769 0.082877 0.048334 0.059846 0.10939
125.1 0.0041651 0.0029918 0.003327 0.0054688 0.081963 0.047787 0.059174 0.10822
125.2 0.004159 0.0029874 0.0033221 0.0054607 0.081058 0.047246 0.058509 0.10705
125.3 0.0041529 0.002983 0.0033172 0.0054527 0.080163 0.04671 0.057851 0.1059
125.4 0.0041468 0.0029786 0.0033123 0.0054447 0.079277 0.046181 0.057201 0.10475
125.5 0.0041407 0.0029742 0.0033074 0.0054367 0.078401 0.045658 0.056557 0.10362
125.6 0.0041346 0.0029699 0.0033026 0.0054287 0.077535 0.04514 0.055921 0.10251
125.7 0.0041285 0.0029655 0.0032977 0.0054208 0.076678 0.044628 0.055292 0.1014
125.8 0.0041225 0.0029612 0.0032929 0.0054128 0.07583 0.044122 0.05467 0.1003
125.9 0.0041165 0.0029569 0.0032881 0.0054049 0.074991 0.043622 0.054055 0.09922
126 0.0041105 0.0029525 0.0032833 0.005397 0.074161 0.043127 0.053446 0.098148
126.1 0.0041045 0.0029482 0.0032785 0.0053892 0.073341 0.042638 0.052844 0.097087
126.2 0.0040985 0.002944 0.0032737 0.0053813 0.072529 0.042154 0.052249 0.096037
126.3 0.0040925 0.0029397 0.003269 0.0053735 0.071726 0.041675 0.051661 0.094998
126.4 0.0040866 0.0029354 0.0032642 0.0053657 0.070931 0.041202 0.051079 0.093971
126.5 0.0040807 0.0029312 0.0032595 0.0053579 0.070146 0.040735 0.050503 0.092954
126.6 0.0040748 0.0029269 0.0032548 0.0053502 0.069368 0.040272 0.049934 0.091947
126.7 0.0040689 0.0029227 0.0032501 0.0053425 0.068599 0.039815 0.049371 0.090951
126.8 0.004063 0.0029185 0.0032454 0.0053348 0.067839 0.039362 0.048815 0.089966
126.9 0.0040572 0.0029143 0.0032407 0.0053271 0.067087 0.038915 0.048264 0.088991
127 0.0040514 0.0029101 0.0032361 0.0053194 0.066343 0.038473 0.04772 0.088026
127.1 0.0040455 0.0029059 0.0032314 0.0053118 0.065606 0.038036 0.047181 0.087072
127.2 0.0040397 0.0029017 0.0032268 0.0053042 0.064878 0.037604 0.046649 0.086127
127.3 0.004034 0.0028976 0.0032222 0.0052966 0.064158 0.037176 0.046123 0.085193
127.4 0.0040282 0.0028935 0.0032176 0.005289 0.063446 0.036753 0.045602 0.084268
127.5 0.0040224 0.0028893 0.003213 0.0052815 0.062741 0.036335 0.045087 0.083353
127.6 0.0040167 0.0028852 0.0032084 0.0052739 0.062044 0.035922 0.044578 0.082448
127.7 0.004011 0.0028811 0.0032038 0.0052664 0.061355 0.035514 0.044075 0.081553
127.8 0.0040053 0.002877 0.0031993 0.005259 0.060673 0.03511 0.043577 0.080666
127.9 0.0039996 0.0028729 0.0031948 0.0052515 0.059999 0.03471 0.043085 0.07979
128 0.0039939 0.0028689 0.0031902 0.0052441 0.059332 0.034315 0.042598 0.078922
128.1 0.0039883 0.0028648 0.0031857 0.0052366 0.058672 0.033925 0.042116 0.078064
128.2 0.0039827 0.0028608 0.0031812 0.0052292 0.058019 0.033539 0.04164 0.077215
128.3 0.0039771 0.0028567 0.0031767 0.0052219 0.057374 0.033157 0.04117 0.076374
128.4 0.0039715 0.0028527 0.0031723 0.0052145 0.056735 0.032779 0.040704 0.075543
128.5 0.0039659 0.0028487 0.0031678 0.0052072 0.056104 0.032406 0.040244 0.074721
128.6 0.0039603 0.0028447 0.0031634 0.0051999 0.055479 0.032037 0.039789 0.073907
128.7 0.0039548 0.0028407 0.0031589 0.0051926 0.054862 0.031672 0.039339 0.073102
128.8 0.0039492 0.0028367 0.0031545 0.0051853 0.054251 0.031311 0.038894 0.072305
128.9 0.0039437 0.0028328 0.0031501 0.0051781 0.053646 0.030955 0.038453 0.071517
129 0.0039382 0.0028288 0.0031457 0.0051709 0.053049 0.030602 0.038018 0.070738
129.1 0.0039327 0.0028249 0.0031413 0.0051637 0.052457 0.030253 0.037588 0.069966
129.2 0.0039273 0.002821 0.003137 0.0051565 0.051873 0.029908 0.037162 0.069203
129.3 0.0039218 0.002817 0.0031326 0.0051493 0.051294 0.029567 0.036742 0.068448
129.4 0.0039164 0.0028131 0.0031283 0.0051422 0.050722 0.02923 0.036326 0.067701
129.5 0.003911 0.0028092 0.0031239 0.0051351 0.050157 0.028897 0.035914 0.066962
129.6 0.0039056 0.0028054 0.0031196 0.005128 0.049597 0.028568 0.035507 0.066231
129.7 0.0039002 0.0028015 0.0031153 0.0051209 0.049044 0.028242 0.035105 0.065508
129.8 0.0038948 0.0027976 0.003111 0.0051139 0.048496 0.02792 0.034707 0.064792
129.9 0.0038894 0.0027938 0.0031068 0.0051068 0.047955 0.027601 0.034314 0.064084
130 0.0038841 0.00279 0.0031025 0.0050998 0.04742 0.027286 0.033925 0.063384
130.1 0.0038788 0.0027861 0.0030982 0.0050928 0.04689 0.026975 0.033541 0.062691
130.2 0.0038735 0.0027823 0.003094 0.0050859 0.046367 0.026667 0.03316 0.062005
130.3 0.0038682 0.0027785 0.0030898 0.0050789 0.045849 0.026363 0.032784 0.061327
130.4 0.0038629 0.0027747 0.0030856 0.005072 0.045337 0.026062 0.032413 0.060656
130.5 0.0038577 0.002771 0.0030814 0.0050651 0.04483 0.025765 0.032045 0.059993
130.6 0.0038524 0.0027672 0.0030772 0.0050582 0.044329 0.02547 0.031682 0.059336
130.7 0.0038472 0.0027634 0.003073 0.0050514 0.043833 0.02518 0.031322 0.058687
130.8 0.003842 0.0027597 0.0030688 0.0050445 0.043343 0.024892 0.030967 0.058044
130.9 0.0038368 0.002756 0.0030647 0.0050377 0.042859 0.024608 0.030615 0.057408
131 0.0038316 0.0027522 0.0030606 0.0050309 0.042379 0.024327 0.030268 0.056779
131.1 0.0038264 0.0027485 0.0030564 0.0050241 0.041905 0.024049 0.029924 0.056157
131.2 0.0038213 0.0027448 0.0030523 0.0050174 0.041437 0.023774 0.029585 0.055542
131.3 0.0038162 0.0027412 0.0030482 0.0050106 0.040973 0.023503 0.029249 0.054933
131.4 0.003811 0.0027375 0.0030441 0.0050039 0.040514 0.023234 0.028917 0.054331
131.5 0.0038059 0.0027338 0.0030401 0.0049972 0.040061 0.022969 0.028588 0.053735
131.6 0.0038009 0.0027302 0.003036 0.0049905 0.039612 0.022706 0.028264 0.053146
131.7 0.0037958 0.0027265 0.0030319 0.0049839 0.039169 0.022447 0.027943 0.052563
131.8 0.0037907 0.0027229 0.0030279 0.0049772 0.03873 0.02219 0.027625 0.051986
131.9 0.0037857 0.0027193 0.0030239 0.0049706 0.038296 0.021936 0.027311 0.051415
132 0.0037807 0.0027157 0.0030199 0.004964 0.037867 0.021686 0.027001 0.050851
132.1 0.0037757 0.0027121 0.0030159 0.0049574 0.037443 0.021438 0.026694 0.050293
132.2 0.0037707 0.0027085 0.0030119 0.0049509 0.037024 0.021193 0.026391 0.04974
132.3 0.0037657 0.0027049 0.0030079 0.0049444 0.036609 0.02095 0.026091 0.049194
132.4 0.0037607 0.0027013 0.0030039 0.0049378 0.036198 0.020711 0.025794 0.048654
132.5 0.0037558 0.0026978 0.003 0.0049313 0.035792 0.020474 0.025501 0.048119
132.6 0.0037509 0.0026942 0.0029961 0.0049249 0.035391 0.02024 0.025211 0.04759
132.7 0.0037459 0.0026907 0.0029921 0.0049184 0.034994 0.020008 0.024924 0.047067
132.8 0.003741 0.0026872 0.0029882 0.004912 0.034602 0.019779 0.024641 0.046549
132.9 0.0037362 0.0026837 0.0029843 0.0049056 0.034214 0.019553 0.024361 0.046038
133 0.0037313 0.0026802 0.0029804 0.0048992 0.03383 0.019329 0.024083 0.045531
133.1 0.0037264 0.0026767 0.0029765 0.0048928 0.03345 0.019108 0.023809 0.04503
133.2 0.0037216 0.0026732 0.0029727 0.0048864 0.033075 0.018889 0.023539 0.044535
133.3 0.0037168 0.0026697 0.0029688 0.0048801 0.032704 0.018673 0.023271 0.044045
133.4 0.0037119 0.0026663 0.002965 0.0048738 0.032337 0.018459 0.023006 0.04356
133.5 0.0037072 0.0026628 0.0029611 0.0048675 0.031974 0.018248 0.022744 0.04308
133.6 0.0037024 0.0026594 0.0029573 0.0048612 0.031614 0.018039 0.022485 0.042606
133.7 0.0036976 0.002656 0.0029535 0.004855 0.031259 0.017833 0.022229 0.042137
133.8 0.0036929 0.0026526 0.0029497 0.0048487 0.030908 0.017628 0.021976 0.041673
133.9 0.0036881 0.0026492 0.0029459 0.0048425 0.030561 0.017426 0.021726 0.041214
134 0.0036834 0.0026458 0.0029422 0.0048363 0.030218 0.017227 0.021479 0.04076
134.1 0.0036787 0.0026424 0.0029384 0.0048301 0.029878 0.01703 0.021234 0.04031
134.2 0.003674 0.002639 0.0029347 0.004824 0.029543 0.016835 0.020992 0.039866
134.3 0.0036693 0.0026357 0.0029309 0.0048178 0.029211 0.016642 0.020753 0.039427
134.4 0.0036647 0.0026323 0.0029272 0.0048117 0.028882 0.016451 0.020517 0.038992
134.5 0.00366 0.002629 0.0029235 0.0048056 0.028558 0.016263 0.020283 0.038562
134.6 0.0036554 0.0026257 0.0029198 0.0047995 0.028237 0.016076 0.020052 0.038137
134.7 0.0036508 0.0026223 0.0029161 0.0047935 0.027919 0.015892 0.019823 0.037716
134.8 0.0036462 0.002619 0.0029124 0.0047874 0.027605 0.01571 0.019597 0.0373
134.9 0.0036416 0.0026157 0.0029088 0.0047814 0.027295 0.01553 0.019374 0.036888
135 0.003637 0.0026125 0.0029051 0.0047754 0.026988 0.015352 0.019153 0.036481
135.1 0.0036324 0.0026092 0.0029015 0.0047694 0.026684 0.015176 0.018935 0.036078
135.2 0.0036279 0.0026059 0.0028978 0.0047634 0.026384 0.015002 0.018719 0.03568
135.3 0.0036234 0.0026027 0.0028942 0.0047575 0.026087 0.01483 0.018506 0.035286
135.4 0.0036188 0.0025994 0.0028906 0.0047516 0.025793 0.01466 0.018295 0.034897
135.5 0.0036143 0.0025962 0.002887 0.0047456 0.025503 0.014492 0.018086 0.034511
135.6 0.0036099 0.002593 0.0028834 0.0047397 0.025216 0.014326 0.01788 0.03413
135.7 0.0036054 0.0025897 0.0028799 0.0047339 0.024932 0.014162 0.017676 0.033753
135.8 0.0036009 0.0025865 0.0028763 0.004728 0.024651 0.013999 0.017474 0.03338
135.9 0.0035965 0.0025834 0.0028727 0.0047222 0.024374 0.013839 0.017275 0.033011
136 0.0035921 0.0025802 0.0028692 0.0047164 0.024099 0.01368 0.017078 0.032646
136.1 0.0035876 0.002577 0.0028657 0.0047106 0.023828 0.013523 0.016883 0.032285
136.2 0.0035832 0.0025738 0.0028622 0.0047048 0.02356 0.013368 0.016691 0.031928
136.3 0.0035789 0.0025707 0.0028587 0.004699 0.023294 0.013215 0.0165 0.031575
136.4 0.0035745 0.0025675 0.0028552 0.0046933 0.023032 0.013063 0.016312 0.031226
136.5 0.0035701 0.0025644 0.0028517 0.0046876 0.022772 0.012913 0.016126 0.030881
136.6 0.0035658 0.0025613 0.0028482 0.0046819 0.022516 0.012765 0.015942 0.030539
136.7 0.0035614 0.0025582 0.0028448 0.0046762 0.022262 0.012619 0.01576 0.030201
136.8 0.0035571 0.0025551 0.0028413 0.0046705 0.022011 0.012474 0.01558 0.029867
136.9 0.0035528 0.002552 0.0028379 0.0046649 0.021763 0.012331 0.015402 0.029537
137 0.0035485 0.0025489 0.0028345 0.0046592 0.021518 0.012189 0.015226 0.02921
137.1 0.0035443 0.0025458 0.002831 0.0046536 0.021275 0.012049 0.015053 0.028886
137.2 0.00354 0.0025428 0.0028276 0.004648 0.021035 0.011911 0.014881 0.028567
137.3 0.0035358 0.0025397 0.0028242 0.0046425 0.020798 0.011774 0.014711 0.02825
137.4 0.0035315 0.0025367 0.0028209 0.0046369 0.020563 0.011639 0.014543 0.027937
137.5 0.0035273 0.0025337 0.0028175 0.0046314 0.020332 0.011505 0.014377 0.027628
