0 0.0001641 0.0001641 0.0001641 0.0001641 70 70 70 70
0.1 0.00016416 0.00016416 0.00016416 0.00016416 70 70 70 70
0.2 0.00016434 0.00016434 0.00016434 0.00016434 70 70 70 70
0.3 0.00016463 0.00016463 0.00016463 0.00016463 70 70 70 70
0.4 0.00016504 0.00016504 0.00016504 0.00016504 70 70 70 70
0.5 0.00016557 0.00016557 0.00016557 0.00016557 70 70 70 70
0.6 0.00016621 0.00016621 0.00016621 0.00016621 70 70 70 70
0.7 0.00016698 0.00016698 0.00016698 0.00016698 70 70 70 70
0.8 0.00016787 0.00016787 0.00016787 0.00016787 70 70 70 70
0.9 0.00016887 0.00016887 0.00016887 0.00016887 70 70 70 70
1 0.00017 0.00017 0.00017 0.00017 70 70 70 70
1.1 0.00017125 0.00017125 0.00017125 0.00017125 70 70 70 70
1.2 0.00017263 0.00017263 0.00017263 0.00017263 70 70 70 70
1.3 0.00017413 0.00017413 0.00017413 0.00017413 70 70 70 70
1.4 0.00017576 0.00017576 0.00017576 0.00017576 70 70 70 70
1.5 0.00017752 0.00017752 0.00017752 0.00017752 70 70 70 70
1.6 0.00017941 0.00017941 0.00017941 0.00017941 70 70 70 70
1.7 0.00018144 0.00018144 0.00018144 0.00018144 70 70 70 70
1.8 0.00018359 0.00018359 0.00018359 0.00018359 70 70 70 70
1.9 0.00018589 0.00018589 0.00018589 0.00018589 70 70 70 70
2 0.00018833 0.00018833 0.00018833 0.00018833 70 70 70 70
2.1 0.00019091 0.00019091 0.00019091 0.00019091 70 70 70 70
2.2 0.00019364 0.00019364 0.00019364 0.00019364 70 70 70 70
2.3 0.00019651 0.00019651 0.00019651 0.00019651 70 70 70 70
2.4 0.00019954 0.00019954 0.00019954 0.00019954 70 70 70 70
2.5 0.00020272 0.00020272 0.00020272 0.00020272 70 70 70 70
2.6 0.00020606 0.00020606 0.00020606 0.00020606 70 70 70 70
2.7 0.00020956 0.00020956 0.00020956 0.00020956 70 70 70 70
2.8 0.00021323 0.00021323 0.00021323 0.00021323 70 70 70 70
2.9 0.00021707 0.00021707 0.00021707 0.00021707 70 70 70 70
3 0.00022108 0.00022108 0.00022108 0.00022108 70 70 70 70
3.1 0.00022527 0.00022527 0.00022527 0.00022527 70 70 70 70
3.2 0.00022964 0.00022964 0.00022964 0.00022964 70 70 70 70
3.3 0.0002342 0.0002342 0.0002342 0.0002342 70 70 70 70
3.4 0.00023895 0.00023895 0.00023895 0.00023895 70 70 70 70
3.5 0.0002439 0.0002439 0.0002439 0.0002439 70 70 70 70
3.6 0.00024906 0.00024906 0.00024906 0.00024906 70 70 70 70
3.7 0.00025442 0.00025442 0.00025442 0.00025442 70 70 70 70
3.8 0.00026 0.00026 0.00026 0.00026 70 70 70 70
3.9 0.0002658 0.0002658 0.0002658 0.0002658 70 70 70 70
4 0.00027182 0.00027182 0.00027182 0.00027182 70 70 70 70
4.1 0.00027808 0.00027808 0.00027808 0.00027808 70 70 70 70
4.2 0.00028458 0.00028458 0.00028458 0.00028458 70 70 70 70
4.3 0.00029133 0.00029133 0.00029133 0.00029133 70 70 70 70
4.4 0.00029833 0.00029833 0.00029833 0.00029833 70 70 70 70
4.5 0.00030559 0.00030559 0.00030559 0.00030559 70 70 70 70
4.6 0.00031313 0.00031313 0.00031313 0.00031313 70 70 70 70
4.7 0.00032095 0.00032095 0.00032095 0.00032095 70 70 70 70
4.8 0.00032905 0.00032905 0.00032905 0.00032905 70 70 70 70
4.9 0.00033745 0.00033745 0.00033745 0.00033745 70 70 70 70
5 0.00034616 0.00034616 0.00034616 0.00034616 70 70 70 70
5.1 0.00035518 0.00035518 0.00035518 0.00035518 70 70 70 70
5.2 0.00036453 0.00036453 0.00036453 0.00036453 70 70 70 70
5.3 0.00037422 0.00037422 0.00037422 0.00037422 70 70 70 70
5.4 0.00038425 0.00038425 0.00038425 0.00038425 70 70 70 70
5.5 0.00039464 0.00039464 0.00039464 0.00039464 70 70 70 70
5.6 0.0004054 0.0004054 0.0004054 0.0004054 70 70 70 70
5.7 0.00041654 0.00041654 0.00041654 0.00041654 70 70 70 70
5.8 0.00042808 0.00042808 0.00042808 0.00042808 70 70 70 70
5.9 0.00044003 0.00044003 0.00044003 0.00044003 70 70 70 70
6 0.00045239 0.00045239 0.00045239 0.00045239 70 70 70 70
6.1 0.00046519 0.00046519 0.00046519 0.00046519 70 70 70 70
6.2 0.00047844 0.00047844 0.00047844 0.00047844 70 70 70 70
6.3 0.00049216 0.00049216 0.00049216 0.00049216 70 70 70 70
6.4 0.00050635 0.00050635 0.00050635 0.00050635 70 70 70 70
6.5 0.00052104 0.00052104 0.00052104 0.00052104 70 70 70 70
6.6 0.00053624 0.00053624 0.00053624 0.00053624 70 70 70 70
6.7 0.00055198 0.00055198 0.00055198 0.00055198 70 70 70 70
6.8 0.00056826 0.00056826 0.00056826 0.00056826 70 70 70 70
6.9 0.0005851 0.0005851 0.0005851 0.0005851 70 70 70 70
7 0.00060253 0.00060253 0.00060253 0.00060253 70 70 70 70
7.1 0.00062057 0.00062057 0.00062057 0.00062057 70 70 70 70
7.2 0.00063923 0.00063923 0.00063923 0.00063923 70 70 70 70
7.3 0.00065854 0.00065854 0.00065854 0.00065854 70 70 70 70
7.4 0.00067852 0.00067852 0.00067852 0.00067852 70 70 70 70
7.5 0.00069919 0.00069919 0.00069919 0.00069919 70 70 70 70
7.6 0.00072058 0.00072058 0.00072058 0.00072058 70 70 70 70
7.7 0.00074271 0.00074271 0.00074271 0.00074271 70 70 70 70
7.8 0.0007656 0.0007656 0.0007656 0.0007656 70 70 70 70
7.9 0.00078929 0.00078929 0.00078929 0.00078929 70 70 70 70
8 0.00081379 0.00081379 0.00081379 0.00081379 70 70 70 70
8.1 0.00083914 0.00083914 0.00083914 0.00083914 70 70 70 70
8.2 0.00086537 0.00086537 0.00086537 0.00086537 70 70 70 70
8.3 0.00089251 0.00089251 0.00089251 0.00089251 70 70 70 70
8.4 0.00092059 0.00092059 0.00092059 0.00092059 70 70 70 70
8.5 0.00094964 0.00094964 0.00094964 0.00094964 70 70 70 70
8.6 0.00097969 0.00097969 0.00097969 0.00097969 70 70 70 70
8.7 0.0010108 0.0010108 0.0010108 0.0010108 70 70 70 70
8.8 0.001043 0.001043 0.001043 0.001043 70 70 70 70
8.9 0.0010762 0.0010762 0.0010762 0.0010762 70 70 70 70
9 0.0011107 0.0011107 0.0011107 0.0011107 70 70 70 70
9.1 0.0011463 0.0011463 0.0011463 0.0011463 70 70 70 70
9.2 0.0011832 0.0011832 0.0011832 0.0011832 70 70 70 70
9.3 0.0012213 0.0012213 0.0012213 0.0012213 70 70 70 70
9.4 0.0012608 0.0012608 0.0012608 0.0012608 70 70 70 70
9.5 0.0013016 0.0013016 0.0013016 0.0013016 70 70 70 70
9.6 0.0013439 0.0013439 0.0013439 0.0013439 70 70 70 70
9.7 0.0013876 0.0013876 0.0013876 0.0013876 70 70 70 70
9.8 0.0014328 0.0014328 0.0014328 0.0014328 70 70 70 70
9.9 0.0014797 0.0014797 0.0014797 0.0014797 70 70 70 70
10 0.0015281 0.0015281 0.0015281 0.0015281 70 70 70 70
10.1 0.0015782 0.0015782 0.0015782 0.0015782 70 70 70 70
10.2 0.0016301 0.0016301 0.0016301 0.0016301 70 70 70 70
10.3 0.0016838 0.0016838 0.0016838 0.0016838 70 70 70 70
10.4 0.0017393 0.0017393 0.0017393 0.0017393 70 70 70 70
10.5 0.0017968 0.0017968 0.0017968 0.0017968 70 70 70 70
10.6 0.0018563 0.0018563 0.0018563 0.0018563 70 70 70 70
10.7 0.0019178 0.0019178 0.0019178 0.0019178 70 70 70 70
10.8 0.0019815 0.0019815 0.0019815 0.0019815 70 70 70 70
10.9 0.0020474 0.0020474 0.0020474 0.0020474 70 70 70 70
11 0.0021157 0.0021157 0.0021157 0.0021157 70 70 70 70
11.1 0.0021863 0.0021863 0.0021863 0.0021863 70 70 70 70
11.2 0.0022594 0.0022594 0.0022594 0.0022594 70 70 70 70
11.3 0.002335 0.002335 0.002335 0.002335 70 70 70 70
11.4 0.0024133 0.0024133 0.0024133 0.0024133 70 70 70 70
11.5 0.0024943 0.0024943 0.0024943 0.0024943 70 70 70 70
11.6 0.0025782 0.0025782 0.0025782 0.0025782 70 70 70 70
11.7 0.0026649 0.0026649 0.0026649 0.0026649 70 70 70 70
11.8 0.0027548 0.0027548 0.0027548 0.0027548 70 70 70 70
11.9 0.0028478 0.0028478 0.0028478 0.0028478 70 70 70 70
12 0.002944 0.002944 0.002944 0.002944 70 70 70 70
12.1 0.0030437 0.0030437 0.0030437 0.0030437 70 70 70 70
12.2 0.0031468 0.0031468 0.0031468 0.0031468 70 70 70 70
12.3 0.0032535 0.0032535 0.0032535 0.0032535 70 70 70 70
12.4 0.003364 0.003364 0.003364 0.003364 70 70 70 70
12.5 0.0034784 0.0034784 0.0034784 0.0034784 70 70 70 70
12.6 0.0035968 0.0035968 0.0035968 0.0035968 70 70 70 70
12.7 0.0037194 0.0037194 0.0037194 0.0037194 70 70 70 70
12.8 0.0038463 0.0038463 0.0038463 0.0038463 70 70 70 70
12.9 0.0039777 0.0039777 0.0039777 0.0039777 70 70 70 70
13 0.0041137 0.0041137 0.0041137 0.0041137 70 70 70 70
13.1 0.0042545 0.0042545 0.0042545 0.0042545 70 70 70 70
13.2 0.0044003 0.0044003 0.0044003 0.0044003 70 70 70 70
13.3 0.0045512 0.0045512 0.0045512 0.0045512 70 70 70 70
13.4 0.0047074 0.0047074 0.0047074 0.0047074 70 70 70 70
13.5 0.0048692 0.0048692 0.0048692 0.0048692 70 70 70 70
13.6 0.0050367 0.0050367 0.0050367 0.0050367 70 70 70 70
13.7 0.0052101 0.0052101 0.0052101 0.0052101 70 70 70 70
13.8 0.0053897 0.0053897 0.0053897 0.0053897 70 70 70 70
13.9 0.0055756 0.0055756 0.0055756 0.0055756 70 70 70 70
14 0.005768 0.005768 0.005768 0.005768 70 70 70 70
14.1 0.0059673 0.0059673 0.0059673 0.0059673 70 70 70 70
14.2 0.0061737 0.0061737 0.0061737 0.0061737 70 70 70 70
14.3 0.0063874 0.0063874 0.0063874 0.0063874 70 70 70 70
14.4 0.0066087 0.0066087 0.0066087 0.0066087 70 70 70 70
14.5 0.0068378 0.0068378 0.0068378 0.0068378 70 70 70 70
14.6 0.007075 0.007075 0.007075 0.007075 70 70 70 70
14.7 0.0073207 0.0073207 0.0073207 0.0073207 70 70 70 70
14.8 0.0075751 0.0075751 0.0075751 0.0075751 70 70 70 70
14.9 0.0078386 0.0078386 0.0078386 0.0078386 70 70 70 70
15 0.0081114 0.0081114 0.0081114 0.0081114 70 70 70 70
15.1 0.0083939 0.0083939 0.0083939 0.0083939 70 70 70 70
15.2 0.0086865 0.0086865 0.0086865 0.0086865 70 70 70 70
15.3 0.0089895 0.0089895 0.0089895 0.0089895 70 70 70 70
15.4 0.0093033 0.0093033 0.0093033 0.0093033 70 70 70 70
15.5 0.0096283 0.0096283 0.0096283 0.0096283 70 70 70 70
15.6 0.0099649 0.0099649 0.0099649 0.0099649 70 70 70 70
15.7 0.010313 0.010313 0.010313 0.010313 70 70 70 70
15.8 0.010674 0.010674 0.010674 0.010674 70 70 70 70
15.9 0.011048 0.011048 0.011048 0.011048 70 70 70 70
16 0.011436 0.011436 0.011436 0.011436 70 70 70 70
16.1 0.011837 0.011837 0.011837 0.011837 70 70 70 70
16.2 0.012252 0.012252 0.012252 0.012252 70 70 70 70
16.3 0.012682 0.012682 0.012682 0.012682 70 70 70 70
16.4 0.013128 0.013128 0.013128 0.013128 70 70 70 70
16.5 0.013589 0.013589 0.013589 0.013589 70 70 70 70
16.6 0.014068 0.014068 0.014068 0.014068 70 70 70 70
16.7 0.014563 0.014563 0.014563 0.014563 70 70 70 70
16.8 0.015076 0.015076 0.015076 0.015076 70 70 70 70
16.9 0.015607 0.015607 0.015607 0.015607 70 70 70 70
17 0.016157 0.016157 0.016157 0.016157 70 70 70 70
17.1 0.016727 0.016727 0.016727 0.016727 70 70 70 70
17.2 0.017318 0.017318 0.017318 0.017318 70 70 70 70
17.3 0.01793 0.01793 0.01793 0.01793 70 70 70 70
17.4 0.018563 0.018563 0.018563 0.018563 70 70 70 70
17.5 0.01922 0.01922 0.01922 0.01922 70 70 70 70
17.6 0.0199 0.0199 0.0199 0.0199 70 70 70 70
17.7 0.020604 0.020604 0.020604 0.020604 70 70 70 70
17.8 0.021334 0.021334 0.021334 0.021334 70 70 70 70
17.9 0.02209 0.02209 0.02209 0.02209 70 70 70 70
18 0.022873 0.022873 0.022873 0.022873 70 70 70 70
18.1 0.023684 0.023684 0.023684 0.023684 70 70 70 70
18.2 0.024524 0.024524 0.024524 0.024524 70 70 70 70
18.3 0.025395 0.025395 0.025395 0.025395 70 70 70 70
18.4 0.026297 0.026297 0.026297 0.026297 70 70 70 70
18.5 0.027231 0.027231 0.027231 0.027231 70 70 70 70
18.6 0.0282 0.0282 0.0282 0.0282 70 70 70 70
18.7 0.029203 0.029203 0.029203 0.029203 70 70 70 70
18.8 0.030242 0.030242 0.030242 0.030242 70 70 70 70
18.9 0.031318 0.031318 0.031318 0.031318 70 70 70 70
19 0.032434 0.032434 0.032434 0.032434 70 70 70 70
19.1 0.03359 0.03359 0.03359 0.03359 70 70 70 70
19.2 0.034787 0.034787 0.034787 0.034787 70 70 70 70
19.3 0.036028 0.036028 0.036028 0.036028 70 70 70 70
19.4 0.037313 0.037313 0.037313 0.037313 70 70 70 70
19.5 0.038645 0.038645 0.038645 0.038645 70 70 70 70
19.6 0.040025 0.040025 0.040025 0.040025 70 70 70 70
19.7 0.041455 0.041455 0.041455 0.041455 70 70 70 70
19.8 0.042936 0.042936 0.042936 0.042936 70 70 70 70
19.9 0.044471 0.044471 0.044471 0.044471 70 70 70 70
20 0.046062 0.046062 0.046062 0.046062 70 70 70 70
20.1 0.04771 0.04771 0.04771 0.04771 70 70 70 70
20.2 0.049418 0.049418 0.049418 0.049418 70 70 70 70
20.3 0.051187 0.051187 0.051187 0.051187 70 70 70 70
20.4 0.053021 0.053021 0.053021 0.053021 70 70 70 70
20.5 0.054921 0.054921 0.054921 0.054921 70 70 70 70
20.6 0.05689 0.05689 0.05689 0.05689 70 70 70 70
20.7 0.05893 0.05893 0.05893 0.05893 70 70 70 70
20.8 0.061044 0.061044 0.061044 0.061044 69.739 69.739 69.739 69.739
20.9 0.063148 0.063148 0.063148 0.063148 69.478 69.478 69.478 69.478
21 0.065242 0.065242 0.065242 0.065242 69.219 69.219 69.219 69.219
21.1 0.067326 0.067326 0.067326 0.067326 68.962 68.962 68.962 68.962
21.2 0.0694 0.0694 0.0694 0.0694 68.705 68.705 68.705 68.705
21.3 0.071464 0.071464 0.071464 0.071464 68.45 68.45 68.45 68.45
21.4 0.073519 0.073519 0.073519 0.073519 68.196 68.196 68.196 68.196
21.5 0.075564 0.075564 0.075564 0.075564 67.943 67.943 67.943 67.943
21.6 0.077599 0.077599 0.077599 0.077599 67.691 67.691 67.691 67.691
21.7 0.079626 0.079626 0.079626 0.079626 67.44 67.44 67.44 67.44
21.8 0.081643 0.081643 0.081643 0.081643 67.191 67.191 67.191 67.191
21.9 0.08365 0.08365 0.08365 0.08365 66.943 66.943 66.943 66.943
22 0.085649 0.085649 0.085649 0.085649 66.696 66.696 66.696 66.696
22.1 0.087638 0.087638 0.087638 0.087638 66.449 66.449 66.449 66.449
22.2 0.089619 0.089619 0.089619 0.089619 66.205 66.205 66.205 66.205
22.3 0.09159 0.09159 0.09159 0.09159 65.961 65.961 65.961 65.961
22.4 0.093553 0.093553 0.093553 0.093553 65.718 65.718 65.718 65.718
22.5 0.095507 0.095507 0.095507 0.095507 65.476 65.476 65.476 65.476
22.6 0.097452 0.097452 0.097452 0.097452 65.236 65.236 65.236 65.236
22.7 0.099389 0.099389 0.099389 0.099389 64.996 64.996 64.996 64.996
22.8 0.10132 0.10132 0.10132 0.10132 64.758 64.758 64.758 64.758
22.9 0.10324 0.10324 0.10324 0.10324 64.52 64.52 64.52 64.52
23 0.10515 0.10515 0.10515 0.10515 64.284 64.284 64.284 64.284
23.1 0.10705 0.10705 0.10705 0.10705 64.048 64.048 64.048 64.048
23.2 0.10895 0.10895 0.10895 0.10895 63.814 63.814 63.814 63.814
23.3 0.11083 0.11083 0.11083 0.11083 63.581 63.581 63.581 63.581
23.4 0.11271 0.11271 0.11271 0.11271 63.348 63.348 63.348 63.348
23.5 0.11458 0.11458 0.11458 0.11458 63.117 63.117 63.117 63.117
23.6 0.11645 0.11645 0.11645 0.11645 62.887 62.887 62.887 62.887
23.7 0.1183 0.1183 0.1183 0.1183 62.657 62.657 62.657 62.657
23.8 0.12015 0.12015 0.12015 0.12015 62.429 62.429 62.429 62.429
23.9 0.12199 0.12199 0.12199 0.12199 62.201 62.201 62.201 62.201
24 0.12382 0.12382 0.12382 0.12382 61.975 61.975 61.975 61.975
24.1 0.12564 0.12564 0.12564 0.12564 61.749 61.749 61.749 61.749
24.2 0.12746 0.12746 0.12746 0.12746 61.525 61.525 61.525 61.525
24.3 0.12927 0.12927 0.12927 0.12927 61.301 61.301 61.301 61.301
24.4 0.13107 0.13107 0.13107 0.13107 61.078 61.078 61.078 61.078
24.5 0.13286 0.13286 0.13286 0.13286 60.856 60.856 60.856 60.856
24.6 0.13465 0.13465 0.13465 0.13465 60.635 60.635 60.635 60.635
24.7 0.13643 0.13643 0.13643 0.13643 60.415 60.415 60.415 60.415
24.8 0.1382 0.1382 0.1382 0.1382 60.196 60.196 60.196 60.196
24.9 0.13997 0.13997 0.13997 0.13997 59.978 59.978 59.978 59.978
25 0.14173 0.14173 0.14173 0.14173 59.76 59.76 59.76 59.76
25.1 0.14348 0.14348 0.14348 0.14348 59.544 59.544 59.544 59.544
25.2 0.14513 0.14513 0.14513 0.14513 59.328 59.328 59.328 59.328
25.3 0.1467 0.1467 0.1467 0.1467 59.113 59.113 59.113 59.113
25.4 0.14816 0.14816 0.14816 0.14816 58.899 58.899 58.899 58.899
25.5 0.14954 0.14954 0.14954 0.14954 58.687 58.687 58.687 58.687
25.6 0.15082 0.15082 0.15082 0.15082 58.475 58.475 58.475 58.475
25.7 0.15201 0.15201 0.15201 0.15201 58.264 58.264 58.264 58.264
25.8 0.15311 0.15311 0.15311 0.15311 58.053 58.053 58.053 58.053
25.9 0.15412 0.15412 0.15412 0.15412 57.844 57.844 57.844 57.844
26 0.15503 0.15503 0.15503 0.15503 57.636 57.636 57.636 57.636
26.1 0.15586 0.15586 0.15586 0.15586 57.428 57.428 57.428 57.428
26.2 0.15659 0.15659 0.15659 0.15659 57.222 57.222 57.222 57.222
26.3 0.15723 0.15723 0.15723 0.15723 57.016 57.016 57.016 57.016
26.4 0.15779 0.15779 0.15779 0.15779 56.811 56.811 56.811 56.811
26.5 0.15825 0.15825 0.15825 0.15825 56.607 56.607 56.607 56.607
26.6 0.15863 0.15863 0.15863 0.15863 56.404 56.404 56.404 56.404
26.7 0.15891 0.15891 0.15891 0.15891 56.202 56.202 56.202 56.202
26.8 0.15911 0.15911 0.15911 0.15911 56 56 56 56
26.9 0.15922 0.15922 0.15922 0.15922 55.799 55.799 55.799 55.799
27 0.15925 0.15925 0.15925 0.15925 55.6 55.6 55.6 55.6
27.1 0.15918 0.15918 0.15918 0.15918 55.4 55.4 55.4 55.4
27.2 0.15903 0.15903 0.15903 0.15903 55.202 55.202 55.202 55.202
27.3 0.15879 0.15879 0.15879 0.15879 55.005 55.005 55.005 55.005
27.4 0.15847 0.15847 0.15847 0.15847 54.808 54.808 54.808 54.808
27.5 0.15806 0.15806 0.15806 0.15806 54.612 54.612 54.612 54.612
27.6 0.15756 0.15756 0.15756 0.15756 54.417 54.417 54.417 54.417
27.7 0.15707 0.15707 0.15707 0.15707 54.223 54.223 54.223 54.223
27.8 0.15658 0.15658 0.15658 0.15658 54.029 54.029 54.029 54.029
27.9 0.15609 0.15609 0.15609 0.15609 53.837 53.837 53.837 53.837
28 0.1556 0.1556 0.1556 0.1556 53.644 53.644 53.644 53.644
28.1 0.15512 0.15512 0.15512 0.15512 53.453 53.453 53.453 53.453
28.2 0.15464 0.15464 0.15464 0.15464 53.262 53.262 53.262 53.262
28.3 0.15416 0.15416 0.15416 0.15416 53.072 53.072 53.072 53.072
28.4 0.15368 0.15368 0.15368 0.15368 52.882 52.882 52.882 52.882
28.5 0.1532 0.1532 0.1532 0.1532 52.694 52.694 52.694 52.694
28.6 0.15273 0.15273 0.15273 0.15273 52.506 52.506 52.506 52.506
28.7 0.15226 0.15226 0.15226 0.15226 52.318 52.318 52.318 52.318
28.8 0.15179 0.15179 0.15179 0.15179 52.131 52.131 52.131 52.131
28.9 0.15132 0.15132 0.15132 0.15132 51.945 51.945 51.945 51.945
29 0.15086 0.15086 0.15086 0.15086 51.76 51.76 51.76 51.76
29.1 0.15039 0.15039 0.15039 0.15039 51.575 51.575 51.575 51.575
29.2 0.14993 0.14993 0.14993 0.14993 51.391 51.391 51.391 51.391
29.3 0.14947 0.14947 0.14947 0.14947 51.208 51.208 51.208 51.208
29.4 0.14902 0.14902 0.14902 0.14902 51.025 51.025 51.025 51.025
29.5 0.14856 0.14856 0.14856 0.14856 50.842 50.842 50.842 50.842
29.6 0.14811 0.14811 0.14811 0.14811 50.661 50.661 50.661 50.661
29.7 0.14766 0.14766 0.14766 0.14766 50.48 50.48 50.48 50.48
29.8 0.14721 0.14721 0.14721 0.14721 50.3 50.3 50.3 50.3
29.9 0.14676 0.14676 0.14676 0.14676 50.12 50.12 50.12 50.12
30 0.14632 0.14632 0.14632 0.14632 49.941 49.941 49.941 49.941
30.1 0.14587 0.14587 0.14587 0.14587 49.762 49.762 49.762 49.762
30.2 0.14543 0.14543 0.14543 0.14543 49.584 49.584 49.584 49.584
30.3 0.14499 0.14499 0.14499 0.14499 49.407 49.407 49.407 49.407
30.4 0.14456 0.14456 0.14456 0.14456 49.23 49.23 49.23 49.23
30.5 0.14412 0.14412 0.14412 0.14412 49.054 49.054 49.054 49.054
30.6 0.14369 0.14369 0.14369 0.14369 48.879 48.879 48.879 48.879
30.7 0.14325 0.14325 0.14325 0.14325 48.704 48.704 48.704 48.704
30.8 0.14282 0.14282 0.14282 0.14282 48.529 48.529 48.529 48.529
30.9 0.1424 0.1424 0.1424 0.1424 48.355 48.355 48.355 48.355
31 0.14197 0.14197 0.14197 0.14197 48.182 48.182 48.182 48.182
31.1 0.14154 0.14154 0.14154 0.14154 48.01 48.01 48.01 48.01
31.2 0.14112 0.14112 0.14112 0.14112 47.838 47.838 47.838 47.838
31.3 0.1407 0.1407 0.1407 0.1407 47.666 47.666 47.666 47.666
31.4 0.14028 0.14028 0.14028 0.14028 47.495 47.495 47.495 47.495
31.5 0.13986 0.13986 0.13986 0.13986 47.325 47.325 47.325 47.325
31.6 0.13945 0.13945 0.13945 0.13945 47.155 47.155 47.155 47.155
31.7 0.13903 0.13903 0.13903 0.13903 46.986 46.986 46.986 46.986
31.8 0.13862 0.13862 0.13862 0.13862 46.817 46.817 46.817 46.817
31.9 0.13821 0.13821 0.13821 0.13821 46.649 46.649 46.649 46.649
32 0.1378 0.1378 0.1378 0.1378 46.481 46.481 46.481 46.481
32.1 0.13739 0.13739 0.13739 0.13739 46.314 46.314 46.314 46.314
32.2 0.13699 0.13699 0.13699 0.13699 46.147 46.147 46.147 46.147
32.3 0.13659 0.13659 0.13659 0.13659 45.981 45.981 45.981 45.981
32.4 0.13618 0.13618 0.13618 0.13618 45.815 45.815 45.815 45.815
32.5 0.13578 0.13578 0.13578 0.13578 45.65 45.65 45.65 45.65
32.6 0.13538 0.13538 0.13538 0.13538 45.486 45.486 45.486 45.486
32.7 0.13499 0.13499 0.13499 0.13499 45.322 45.322 45.322 45.322
32.8 0.13459 0.13459 0.13459 0.13459 45.158 45.158 45.158 45.158
32.9 0.1342 0.1342 0.1342 0.1342 44.995 44.995 44.995 44.995
33 0.1338 0.1338 0.1338 0.1338 44.833 44.833 44.833 44.833
33.1 0.13341 0.13341 0.13341 0.13341 44.671 44.671 44.671 44.671
33.2 0.13302 0.13302 0.13302 0.13302 44.51 44.51 44.51 44.51
33.3 0.13264 0.13264 0.13264 0.13264 44.349 44.349 44.349 44.349
33.4 0.13225 0.13225 0.13225 0.13225 44.188 44.188 44.188 44.188
33.5 0.13187 0.13187 0.13187 0.13187 44.028 44.028 44.028 44.028
33.6 0.13148 0.13148 0.13148 0.13148 43.869 43.869 43.869 43.869
33.7 0.1311 0.1311 0.1311 0.1311 43.71 43.71 43.71 43.71
33.8 0.13072 0.13072 0.13072 0.13072 43.551 43.551 43.551 43.551
33.9 0.13034 0.13034 0.13034 0.13034 43.393 43.393 43.393 43.393
34 0.12997 0.12997 0.12997 0.12997 43.236 43.236 43.236 43.236
34.1 0.12959 0.12959 0.12959 0.12959 43.078 43.078 43.078 43.078
34.2 0.12922 0.12922 0.12922 0.12922 42.922 42.922 42.922 42.922
34.3 0.12884 0.12884 0.12884 0.12884 42.766 42.766 42.766 42.766
34.4 0.12847 0.12847 0.12847 0.12847 42.61 42.61 42.61 42.61
34.5 0.1281 0.1281 0.1281 0.1281 42.455 42.455 42.455 42.455
34.6 0.12774 0.12774 0.12774 0.12774 42.3 42.3 42.3 42.3
34.7 0.12737 0.12737 0.12737 0.12737 42.146 42.146 42.146 42.146
34.8 0.127 0.127 0.127 0.127 41.992 41.992 41.992 41.992
34.9 0.12664 0.12664 0.12664 0.12664 41.839 41.839 41.839 41.839
35 0.12628 0.12628 0.12628 0.12628 41.686 41.686 41.686 41.686
35.1 0.12592 0.12592 0.12592 0.12592 41.533 41.533 41.533 41.533
35.2 0.12556 0.12556 0.12556 0.12556 41.381 41.381 41.381 41.381
35.3 0.1252 0.1252 0.1252 0.1252 41.229 41.229 41.229 41.229
35.4 0.12484 0.12484 0.12484 0.12484 41.078 41.078 41.078 41.078
35.5 0.12449 0.12449 0.12449 0.12449 40.928 40.928 40.928 40.928
35.6 0.12413 0.12413 0.12413 0.12413 40.777 40.777 40.777 40.777
35.7 0.12378 0.12378 0.12378 0.12378 40.627 40.627 40.627 40.627
35.8 0.12343 0.12343 0.12343 0.12343 40.478 40.478 40.478 40.478
35.9 0.12308 0.12308 0.12308 0.12308 40.329 40.329 40.329 40.329
36 0.12273 0.12273 0.12273 0.12273 40.181 40.181 40.181 40.181
36.1 0.12238 0.12238 0.12238 0.12238 40.032 40.032 40.032 40.032
36.2 0.12204 0.12204 0.12204 0.12204 39.885 39.885 39.885 39.885
36.3 0.12169 0.12169 0.12169 0.12169 39.737 39.737 39.737 39.737
36.4 0.12135 0.12135 0.12135 0.12135 39.591 39.591 39.591 39.591
36.5 0.12101 0.12101 0.12101 0.12101 39.444 39.444 39.444 39.444
36.6 0.12067 0.12067 0.12067 0.12067 39.298 39.298 39.298 39.298
36.7 0.12033 0.12033 0.12033 0.12033 39.152 39.152 39.152 39.152
36.8 0.11999 0.11999 0.11999 0.11999 39.007 39.007 39.007 39.007
36.9 0.11965 0.11965 0.11965 0.11965 38.862 38.862 38.862 38.862
37 0.11932 0.11932 0.11932 0.11932 38.718 38.718 38.718 38.718
37.1 0.11898 0.11898 0.11898 0.11898 38.574 38.574 38.574 38.574
37.2 0.11865 0.11865 0.11865 0.11865 38.43 38.43 38.43 38.43
37.3 0.11832 0.11832 0.11832 0.11832 38.287 38.287 38.287 38.287
37.4 0.11799 0.11799 0.11799 0.11799 38.144 38.144 38.144 38.144
37.5 0.11766 0.11766 0.11766 0.11766 38.002 38.002 38.002 38.002
37.6 0.11733 0.11733 0.11733 0.11733 37.86 37.86 37.86 37.86
37.7 0.117 0.117 0.117 0.117 37.718 37.718 37.718 37.718
37.8 0.11668 0.11668 0.11668 0.11668 37.577 37.577 37.577 37.577
37.9 0.11635 0.11635 0.11635 0.11635 37.437 37.437 37.437 37.437
38 0.11603 0.11603 0.11603 0.11603 37.296 37.296 37.296 37.296
38.1 0.11571 0.11571 0.11571 0.11571 37.157 37.157 37.157 37.157
38.2 0.11539 0.11539 0.11539 0.11539 37.018 37.018 37.018 37.018
38.3 0.11507 0.11507 0.11507 0.11507 36.879 36.879 36.879 36.879
38.4 0.11475 0.11475 0.11475 0.11475 36.741 36.741 36.741 36.741
38.5 0.11443 0.11443 0.11443 0.11443 36.603 36.603 36.603 36.603
38.6 0.11412 0.11412 0.11412 0.11412 36.466 36.466 36.466 36.466
38.7 0.1138 0.1138 0.1138 0.1138 36.33 36.33 36.33 36.33
38.8 0.11349 0.11349 0.11349 0.11349 36.193 36.193 36.193 36.193
38.9 0.11318 0.11318 0.11318 0.11318 36.058 36.058 36.058 36.058
39 0.11287 0.11287 0.11287 0.11287 35.922 35.922 35.922 35.922
39.1 0.11256 0.11256 0.11256 0.11256 35.788 35.788 35.788 35.788
39.2 0.11225 0.11225 0.11225 0.11225 35.653 35.653 35.653 35.653
39.3 0.11194 0.11194 0.11194 0.11194 35.519 35.519 35.519 35.519
39.4 0.11163 0.11163 0.11163 0.11163 35.386 35.386 35.386 35.386
39.5 0.11133 0.11133 0.11133 0.11133 35.253 35.253 35.253 35.253
39.6 0.11102 0.11102 0.11102 0.11102 35.12 35.12 35.12 35.12
39.7 0.11072 0.11072 0.11072 0.11072 34.988 34.988 34.988 34.988
39.8 0.11041 0.11041 0.11041 0.11041 34.857 34.857 34.857 34.857
39.9 0.11011 0.11011 0.11011 0.11011 34.726 34.726 34.726 34.726
40 0.10981 0.10981 0.10981 0.10981 34.595 34.595 34.595 34.595
40.1 0.10951 0.10951 0.10951 0.10951 34.465 34.465 34.465 34.465
40.2 0.10922 0.10922 0.10922 0.10922 34.335 34.335 34.335 34.335
40.3 0.10892 0.10892 0.10892 0.10892 34.205 34.205 34.205 34.205
40.4 0.10862 0.10862 0.10862 0.10862 34.076 34.076 34.076 34.076
40.5 0.10833 0.10833 0.10833 0.10833 33.948 33.948 33.948 33.948
40.6 0.10803 0.10803 0.10803 0.10803 33.82 33.82 33.82 33.82
40.7 0.10774 0.10774 0.10774 0.10774 33.692 33.692 33.692 33.692
40.8 0.10745 0.10745 0.10745 0.10745 33.565 33.565 33.565 33.565
40.9 0.10716 0.10716 0.10716 0.10716 33.438 33.438 33.438 33.438
41 0.10687 0.10687 0.10687 0.10687 33.312 33.312 33.312 33.312
41.1 0.10658 0.10658 0.10658 0.10658 33.186 33.186 33.186 33.186
41.2 0.10629 0.10629 0.10629 0.10629 33.06 33.06 33.06 33.06
41.3 0.10601 0.10601 0.10601 0.10601 32.935 32.935 32.935 32.935
41.4 0.10572 0.10572 0.10572 0.10572 32.811 32.811 32.811 32.811
41.5 0.10544 0.10544 0.10544 0.10544 32.687 32.687 32.687 32.687
41.6 0.10515 0.10515 0.10515 0.10515 32.563 32.563 32.563 32.563
41.7 0.10487 0.10487 0.10487 0.10487 32.439 32.439 32.439 32.439
41.8 0.10459 0.10459 0.10459 0.10459 32.316 32.316 32.316 32.316
41.9 0.10431 0.10431 0.10431 0.10431 32.194 32.194 32.194 32.194
42 0.10403 0.10403 0.10403 0.10403 32.072 32.072 32.072 32.072
42.1 0.10375 0.10375 0.10375 0.10375 31.95 31.95 31.95 31.95
42.2 0.10347 0.10347 0.10347 0.10347 31.829 31.829 31.829 31.829
42.3 0.1032 0.1032 0.1032 0.1032 31.708 31.708 31.708 31.708
42.4 0.10292 0.10292 0.10292 0.10292 31.587 31.587 31.587 31.587
42.5 0.10265 0.10265 0.10265 0.10265 31.467 31.467 31.467 31.467
42.6 0.10237 0.10237 0.10237 0.10237 31.347 31.347 31.347 31.347
42.7 0.1021 0.1021 0.1021 0.1021 31.228 31.228 31.228 31.228
42.8 0.10183 0.10183 0.10183 0.10183 31.109 31.109 31.109 31.109
42.9 0.10156 0.10156 0.10156 0.10156 30.991 30.991 30.991 30.991
43 0.10129 0.10129 0.10129 0.10129 30.873 30.873 30.873 30.873
43.1 0.10102 0.10102 0.10102 0.10102 30.755 30.755 30.755 30.755
43.2 0.10075 0.10075 0.10075 0.10075 30.637 30.637 30.637 30.637
43.3 0.10048 0.10048 0.10048 0.10048 30.52 30.52 30.52 30.52
43.4 0.10021 0.10021 0.10021 0.10021 30.404 30.404 30.404 30.404
43.5 0.09995 0.09995 0.09995 0.09995 30.288 30.288 30.288 30.288
43.6 0.099685 0.099685 0.099685 0.099685 30.172 30.172 30.172 30.172
43.7 0.099421 0.099421 0.099421 0.099421 30.057 30.057 30.057 30.057
43.8 0.099159 0.099159 0.099159 0.099159 29.942 29.942 29.942 29.942
43.9 0.098897 0.098897 0.098897 0.098897 29.827 29.827 29.827 29.827
44 0.098636 0.098636 0.098636 0.098636 29.713 29.713 29.713 29.713
44.1 0.098376 0.098376 0.098376 0.098376 29.599 29.599 29.599 29.599
44.2 0.098117 0.098117 0.098117 0.098117 29.485 29.485 29.485 29.485
44.3 0.097859 0.097859 0.097859 0.097859 29.372 29.372 29.372 29.372
44.4 0.097602 0.097602 0.097602 0.097602 29.259 29.259 29.259 29.259
44.5 0.097345 0.097345 0.097345 0.097345 29.147 29.147 29.147 29.147
44.6 0.09709 0.09709 0.09709 0.09709 29.035 29.035 29.035 29.035
44.7 0.096835 0.096835 0.096835 0.096835 28.923 28.923 28.923 28.923
44.8 0.096581 0.096581 0.096581 0.096581 28.812 28.812 28.812 28.812
44.9 0.096328 0.096328 0.096328 0.096328 28.701 28.701 28.701 28.701
45 0.096076 0.096076 0.096076 0.096076 28.591 28.591 28.591 28.591
45.1 0.095825 0.095825 0.095825 0.095825 28.48 28.48 28.48 28.48
45.2 0.095574 0.095574 0.095574 0.095574 28.371 28.371 28.371 28.371
45.3 0.095325 0.095325 0.095325 0.095325 28.261 28.261 28.261 28.261
45.4 0.095076 0.095076 0.095076 0.095076 28.152 28.152 28.152 28.152
45.5 0.094828 0.094828 0.094828 0.094828 28.043 28.043 28.043 28.043
45.6 0.094581 0.094581 0.094581 0.094581 27.935 27.935 27.935 27.935
45.7 0.094335 0.094335 0.094335 0.094335 27.827 27.827 27.827 27.827
45.8 0.094089 0.094089 0.094089 0.094089 27.719 27.719 27.719 27.719
45.9 0.093844 0.093844 0.093844 0.093844 27.612 27.612 27.612 27.612
46 0.093601 0.093601 0.093601 0.093601 27.505 27.505 27.505 27.505
46.1 0.093358 0.093358 0.093358 0.093358 27.398 27.398 27.398 27.398
46.2 0.093116 0.093116 0.093116 0.093116 27.292 27.292 27.292 27.292
46.3 0.092874 0.092874 0.092874 0.092874 27.186 27.186 27.186 27.186
46.4 0.092634 0.092634 0.092634 0.092634 27.081 27.081 27.081 27.081
46.5 0.092394 0.092394 0.092394 0.092394 26.975 26.975 26.975 26.975
46.6 0.092155 0.092155 0.092155 0.092155 26.87 26.87 26.87 26.87
46.7 0.091917 0.091917 0.091917 0.091917 26.766 26.766 26.766 26.766
46.8 0.091679 0.091679 0.091679 0.091679 26.662 26.662 26.662 26.662
46.9 0.091443 0.091443 0.091443 0.091443 26.558 26.558 26.558 26.558
47 0.091207 0.091207 0.091207 0.091207 26.454 26.454 26.454 26.454
47.1 0.090972 0.090972 0.090972 0.090972 26.351 26.351 26.351 26.351
47.2 0.090737 0.090737 0.090737 0.090737 26.248 26.248 26.248 26.248
47.3 0.090504 0.090504 0.090504 0.090504 26.146 26.146 26.146 26.146
47.4 0.090271 0.090271 0.090271 0.090271 26.044 26.044 26.044 26.044
47.5 0.090039 0.090039 0.090039 0.090039 25.942 25.942 25.942 25.942
47.6 0.089808 0.089808 0.089808 0.089808 25.84 25.84 25.84 25.84
47.7 0.089578 0.089578 0.089578 0.089578 25.739 25.739 25.739 25.739
47.8 0.089348 0.089348 0.089348 0.089348 25.638 25.638 25.638 25.638
47.9 0.089119 0.089119 0.089119 0.089119 25.538 25.538 25.538 25.538
48 0.088891 0.088891 0.088891 0.088891 25.437 25.437 25.437 25.437
48.1 0.088663 0.088663 0.088663 0.088663 25.338 25.338 25.338 25.338
48.2 0.088436 0.088436 0.088436 0.088436 25.238 25.238 25.238 25.238
48.3 0.088211 0.088211 0.088211 0.088211 25.139 25.139 25.139 25.139
48.4 0.087985 0.087985 0.087985 0.087985 25.04 25.04 25.04 25.04
48.5 0.087761 0.087761 0.087761 0.087761 24.941 24.941 24.941 24.941
48.6 0.087537 0.087537 0.087537 0.087537 24.843 24.843 24.843 24.843
48.7 0.087314 0.087314 0.087314 0.087314 24.745 24.745 24.745 24.745
48.8 0.087092 0.087092 0.087092 0.087092 24.648 24.648 24.648 24.648
48.9 0.08687 0.08687 0.08687 0.08687 24.55 24.55 24.55 24.55
49 0.086649 0.086649 0.086649 0.086649 24.453 24.453 24.453 24.453
49.1 0.086429 0.086429 0.086429 0.086429 24.357 24.357 24.357 24.357
49.2 0.086209 0.086209 0.086209 0.086209 24.26 24.26 24.26 24.26
49.3 0.085991 0.085991 0.085991 0.085991 24.164 24.164 24.164 24.164
49.4 0.085772 0.085772 0.085772 0.085772 24.068 24.068 24.068 24.068
49.5 0.085555 0.085555 0.085555 0.085555 23.973 23.973 23.973 23.973
49.6 0.085338 0.085338 0.085338 0.085338 23.878 23.878 23.878 23.878
49.7 0.085122 0.085122 0.085122 0.085122 23.783 23.783 23.783 23.783
49.8 0.084907 0.084907 0.084907 0.084907 23.689 23.689 23.689 23.689
49.9 0.084693 0.084693 0.084693 0.084693 23.594 23.594 23.594 23.594
50 0.084479 0.084479 0.084479 0.084479 23.5 23.5 23.5 23.5
50.1 0.084265 0.084265 0.084265 0.084265 23.407 23.407 23.407 23.407
50.2 0.084053 0.084053 0.084053 0.084053 23.314 23.314 23.314 23.314
50.3 0.083841 0.083841 0.083841 0.083841 23.221 23.221 23.221 23.221
50.4 0.08363 0.08363 0.08363 0.08363 23.128 23.128 23.128 23.128
50.5 0.083419 0.083419 0.083419 0.083419 23.036 23.036 23.036 23.036
50.6 0.083209 0.083209 0.083209 0.083209 22.943 22.943 22.943 22.943
50.7 0.083 0.083 0.083 0.083 22.852 22.852 22.852 22.852
50.8 0.082792 0.082792 0.082792 0.082792 22.76 22.76 22.76 22.76
50.9 0.082584 0.082584 0.082584 0.082584 22.669 22.669 22.669 22.669
51 0.082377 0.082377 0.082377 0.082377 22.578 22.578 22.578 22.578
51.1 0.08217 0.08217 0.08217 0.08217 22.488 22.488 22.488 22.488
51.2 0.081964 0.081964 0.081964 0.081964 22.397 22.397 22.397 22.397
51.3 0.081759 0.081759 0.081759 0.081759 22.307 22.307 22.307 22.307
51.4 0.081554 0.081554 0.081554 0.081554 22.218 22.218 22.218 22.218
51.5 0.08135 0.08135 0.08135 0.08135 22.128 22.128 22.128 22.128
51.6 0.081147 0.081147 0.081147 0.081147 22.039 22.039 22.039 22.039
51.7 0.080944 0.080944 0.080944 0.080944 21.95 21.95 21.95 21.95
51.8 0.080742 0.080742 0.080742 0.080742 21.862 21.862 21.862 21.862
51.9 0.080541 0.080541 0.080541 0.080541 21.773 21.773 21.773 21.773
52 0.08034 0.08034 0.08034 0.08034 21.685 21.685 21.685 21.685
52.1 0.08014 0.08014 0.08014 0.08014 21.598 21.598 21.598 21.598
52.2 0.079941 0.079941 0.079941 0.079941 21.51 21.51 21.51 21.51
52.3 0.079742 0.079742 0.079742 0.079742 21.423 21.423 21.423 21.423
52.4 0.079543 0.079543 0.079543 0.079543 21.336 21.336 21.336 21.336
52.5 0.079346 0.079346 0.079346 0.079346 21.25 21.25 21.25 21.25
52.6 0.079149 0.079149 0.079149 0.079149 21.163 21.163 21.163 21.163
52.7 0.078952 0.078952 0.078952 0.078952 21.077 21.077 21.077 21.077
52.8 0.078757 0.078757 0.078757 0.078757 20.992 20.992 20.992 20.992
52.9 0.078561 0.078561 0.078561 0.078561 20.906 20.906 20.906 20.906
53 0.078367 0.078367 0.078367 0.078367 20.821 20.821 20.821 20.821
53.1 0.078173 0.078173 0.078173 0.078173 20.736 20.736 20.736 20.736
53.2 0.077979 0.077979 0.077979 0.077979 20.651 20.651 20.651 20.651
53.3 0.077787 0.077787 0.077787 0.077787 20.567 20.567 20.567 20.567
53.4 0.077594 0.077594 0.077594 0.077594 20.483 20.483 20.483 20.483
53.5 0.077403 0.077403 0.077403 0.077403 20.399 20.399 20.399 20.399
53.6 0.077212 0.077212 0.077212 0.077212 20.316 20.316 20.316 20.316
53.7 0.077021 0.077021 0.077021 0.077021 20.232 20.232 20.232 20.232
53.8 0.076832 0.076832 0.076832 0.076832 20.149 20.149 20.149 20.149
53.9 0.076642 0.076642 0.076642 0.076642 20.067 20.067 20.067 20.067
54 0.076454 0.076454 0.076454 0.076454 19.984 19.984 19.984 19.984
54.1 0.076266 0.076266 0.076266 0.076266 19.902 19.902 19.902 19.902
54.2 0.076078 0.076078 0.076078 0.076078 19.82 19.82 19.82 19.82
54.3 0.075891 0.075891 0.075891 0.075891 19.738 19.738 19.738 19.738
54.4 0.075705 0.075705 0.075705 0.075705 19.657 19.657 19.657 19.657
54.5 0.075519 0.075519 0.075519 0.075519 19.576 19.576 19.576 19.576
54.6 0.075334 0.075334 0.075334 0.075334 19.495 19.495 19.495 19.495
54.7 0.075149 0.075149 0.075149 0.075149 19.414 19.414 19.414 19.414
54.8 0.074965 0.074965 0.074965 0.074965 19.334 19.334 19.334 19.334
54.9 0.074782 0.074782 0.074782 0.074782 19.254 19.254 19.254 19.254
55 0.074599 0.074599 0.074599 0.074599 19.174 19.174 19.174 19.174
55.1 0.074416 0.074416 0.074416 0.074416 19.095 19.095 19.095 19.095
55.2 0.074235 0.074235 0.074235 0.074235 19.015 19.015 19.015 19.015
55.3 0.074053 0.074053 0.074053 0.074053 18.936 18.936 18.936 18.936
55.4 0.073873 0.073873 0.073873 0.073873 18.858 18.858 18.858 18.858
55.5 0.073692 0.073692 0.073692 0.073692 18.779 18.779 18.779 18.779
55.6 0.073513 0.073513 0.073513 0.073513 18.701 18.701 18.701 18.701
55.7 0.073334 0.073334 0.073334 0.073334 18.623 18.623 18.623 18.623
55.8 0.073155 0.073155 0.073155 0.073155 18.545 18.545 18.545 18.545
55.9 0.072977 0.072977 0.072977 0.072977 18.467 18.467 18.467 18.467
56 0.0728 0.0728 0.0728 0.0728 18.39 18.39 18.39 18.39
56.1 0.072623 0.072623 0.072623 0.072623 18.313 18.313 18.313 18.313
56.2 0.072446 0.072446 0.072446 0.072446 18.236 18.236 18.236 18.236
56.3 0.072271 0.072271 0.072271 0.072271 18.16 18.16 18.16 18.16
56.4 0.072095 0.072095 0.072095 0.072095 18.084 18.084 18.084 18.084
56.5 0.07192 0.07192 0.07192 0.07192 18.008 18.008 18.008 18.008
56.6 0.071746 0.071746 0.071746 0.071746 17.932 17.932 17.932 17.932
56.7 0.071572 0.071572 0.071572 0.071572 17.856 17.856 17.856 17.856
56.8 0.071399 0.071399 0.071399 0.071399 17.781 17.781 17.781 17.781
56.9 0.071227 0.071227 0.071227 0.071227 17.706 17.706 17.706 17.706
57 0.071054 0.071054 0.071054 0.071054 17.631 17.631 17.631 17.631
57.1 0.070883 0.070883 0.070883 0.070883 17.557 17.557 17.557 17.557
57.2 0.070712 0.070712 0.070712 0.070712 17.483 17.483 17.483 17.483
57.3 0.070541 0.070541 0.070541 0.070541 17.409 17.409 17.409 17.409
57.4 0.070371 0.070371 0.070371 0.070371 17.335 17.335 17.335 17.335
57.5 0.070201 0.070201 0.070201 0.070201 17.261 17.261 17.261 17.261
57.6 0.070032 0.070032 0.070032 0.070032 17.188 17.188 17.188 17.188
57.7 0.069863 0.069863 0.069863 0.069863 17.115 17.115 17.115 17.115
57.8 0.069695 0.069695 0.069695 0.069695 17.042 17.042 17.042 17.042
57.9 0.069528 0.069528 0.069528 0.069528 16.969 16.969 16.969 16.969
58 0.069361 0.069361 0.069361 0.069361 16.897 16.897 16.897 16.897
58.1 0.069194 0.069194 0.069194 0.069194 16.825 16.825 16.825 16.825
58.2 0.069028 0.069028 0.069028 0.069028 16.753 16.753 16.753 16.753
58.3 0.068862 0.068862 0.068862 0.068862 16.681 16.681 16.681 16.681
58.4 0.068697 0.068697 0.068697 0.068697 16.61 16.61 16.61 16.61
58.5 0.068533 0.068533 0.068533 0.068533 16.539 16.539 16.539 16.539
58.6 0.068369 0.068369 0.068369 0.068369 16.468 16.468 16.468 16.468
58.7 0.068205 0.068205 0.068205 0.068205 16.397 16.397 16.397 16.397
58.8 0.068042 0.068042 0.068042 0.068042 16.327 16.327 16.327 16.327
58.9 0.067879 0.067879 0.067879 0.067879 16.257 16.257 16.257 16.257
59 0.067717 0.067717 0.067717 0.067717 16.187 16.187 16.187 16.187
59.1 0.067555 0.067555 0.067555 0.067555 16.117 16.117 16.117 16.117
59.2 0.067394 0.067394 0.067394 0.067394 16.047 16.047 16.047 16.047
59.3 0.067233 0.067233 0.067233 0.067233 15.978 15.978 15.978 15.978
59.4 0.067073 0.067073 0.067073 0.067073 15.909 15.909 15.909 15.909
59.5 0.066913 0.066913 0.066913 0.066913 15.84 15.84 15.84 15.84
59.6 0.066754 0.066754 0.066754 0.066754 15.771 15.771 15.771 15.771
59.7 0.066595 0.066595 0.066595 0.066595 15.703 15.703 15.703 15.703
59.8 0.066437 0.066437 0.066437 0.066437 15.635 15.635 15.635 15.635
59.9 0.066279 0.066279 0.066279 0.066279 15.567 15.567 15.567 15.567
60 0.066121 0.066121 0.066121 0.066121 15.499 15.499 15.499 15.499
60.1 0.065964 0.065964 0.065964 0.065964 15.432 15.432 15.432 15.432
60.2 0.065808 0.065808 0.065808 0.065808 15.365 15.365 15.365 15.365
60.3 0.065652 0.065652 0.065652 0.065652 15.297 15.297 15.297 15.297
60.4 0.065496 0.065496 0.065496 0.065496 15.231 15.231 15.231 15.231
60.5 0.065341 0.065341 0.065341 0.065341 15.164 15.164 15.164 15.164
60.6 0.065186 0.065186 0.065186 0.065186 15.098 15.098 15.098 15.098
60.7 0.065032 0.065032 0.065032 0.065032 15.032 15.032 15.032 15.032
60.8 0.064878 0.064878 0.064878 0.064878 14.966 14.966 14.966 14.966
60.9 0.064725 0.064725 0.064725 0.064725 14.9 14.9 14.9 14.9
61 0.064572 0.064572 0.064572 0.064572 14.834 14.834 14.834 14.834
61.1 0.064419 0.064419 0.064419 0.064419 14.769 14.769 14.769 14.769
61.2 0.064267 0.064267 0.064267 0.064267 14.704 14.704 14.704 14.704
61.3 0.064116 0.064116 0.064116 0.064116 14.639 14.639 14.639 14.639
61.4 0.063964 0.063964 0.063964 0.063964 14.575 14.575 14.575 14.575
61.5 0.063814 0.063814 0.063814 0.063814 14.51 14.51 14.51 14.51
61.6 0.063664 0.063664 0.063664 0.063664 14.446 14.446 14.446 14.446
61.7 0.063514 0.063514 0.063514 0.063514 14.382 14.382 14.382 14.382
61.8 0.063364 0.063364 0.063364 0.063364 14.318 14.318 14.318 14.318
61.9 0.063215 0.063215 0.063215 0.063215 14.255 14.255 14.255 14.255
62 0.063067 0.063067 0.063067 0.063067 14.191 14.191 14.191 14.191
62.1 0.062919 0.062919 0.062919 0.062919 14.128 14.128 14.128 14.128
62.2 0.062771 0.062771 0.062771 0.062771 14.065 14.065 14.065 14.065
62.3 0.062624 0.062624 0.062624 0.062624 14.003 14.003 14.003 14.003
62.4 0.062477 0.062477 0.062477 0.062477 13.94 13.94 13.94 13.94
62.5 0.062331 0.062331 0.062331 0.062331 13.878 13.878 13.878 13.878
62.6 0.062185 0.062185 0.062185 0.062185 13.816 13.816 13.816 13.816
62.7 0.062039 0.062039 0.062039 0.062039 13.754 13.754 13.754 13.754
62.8 0.061894 0.061894 0.061894 0.061894 13.692 13.692 13.692 13.692
62.9 0.061749 0.061749 0.061749 0.061749 13.631 13.631 13.631 13.631
63 0.061605 0.061605 0.061605 0.061605 13.57 13.57 13.57 13.57
63.1 0.061461 0.061461 0.061461 0.061461 13.509 13.509 13.509 13.509
63.2 0.061318 0.061318 0.061318 0.061318 13.448 13.448 13.448 13.448
63.3 0.061175 0.061175 0.061175 0.061175 13.387 13.387 13.387 13.387
63.4 0.061032 0.061032 0.061032 0.061032 13.327 13.327 13.327 13.327
63.5 0.06089 0.06089 0.06089 0.06089 13.267 13.267 13.267 13.267
63.6 0.060748 0.060748 0.060748 0.060748 13.207 13.207 13.207 13.207
63.7 0.060607 0.060607 0.060607 0.060607 13.147 13.147 13.147 13.147
63.8 0.060466 0.060466 0.060466 0.060466 13.088 13.088 13.088 13.088
63.9 0.060325 0.060325 0.060325 0.060325 13.028 13.028 13.028 13.028
64 0.060185 0.060185 0.060185 0.060185 12.969 12.969 12.969 12.969
64.1 0.060045 0.060045 0.060045 0.060045 12.91 12.91 12.91 12.91
64.2 0.059906 0.059906 0.059906 0.059906 12.851 12.851 12.851 12.851
64.3 0.059767 0.059767 0.059767 0.059767 12.793 12.793 12.793 12.793
64.4 0.059628 0.059628 0.059628 0.059628 12.734 12.734 12.734 12.734
64.5 0.05949 0.05949 0.05949 0.05949 12.676 12.676 12.676 12.676
64.6 0.059352 0.059352 0.059352 0.059352 12.618 12.618 12.618 12.618
64.7 0.059215 0.059215 0.059215 0.059215 12.56 12.56 12.56 12.56
64.8 0.059078 0.059078 0.059078 0.059078 12.503 12.503 12.503 12.503
64.9 0.058941 0.058941 0.058941 0.058941 12.446 12.446 12.446 12.446
65 0.058805 0.058805 0.058805 0.058805 12.388 12.388 12.388 12.388
65.1 0.058669 0.058669 0.058669 0.058669 12.331 12.331 12.331 12.331
65.2 0.058533 0.058533 0.058533 0.058533 12.275 12.275 12.275 12.275
65.3 0.058398 0.058398 0.058398 0.058398 12.218 12.218 12.218 12.218
65.4 0.058264 0.058264 0.058264 0.058264 12.162 12.162 12.162 12.162
65.5 0.058129 0.058129 0.058129 0.058129 12.105 12.105 12.105 12.105
65.6 0.057995 0.057995 0.057995 0.057995 12.049 12.049 12.049 12.049
65.7 0.057862 0.057862 0.057862 0.057862 11.994 11.994 11.994 11.994
65.8 0.057729 0.057729 0.057729 0.057729 11.938 11.938 11.938 11.938
65.9 0.057596 0.057596 0.057596 0.057596 11.883 11.883 11.883 11.883
66 0.057464 0.057464 0.057464 0.057464 11.827 11.827 11.827 11.827
66.1 0.057332 0.057332 0.057332 0.057332 11.772 11.772 11.772 11.772
66.2 0.0572 0.0572 0.0572 0.0572 11.718 11.718 11.718 11.718
66.3 0.057069 0.057069 0.057069 0.057069 11.663 11.663 11.663 11.663
66.4 0.056938 0.056938 0.056938 0.056938 11.608 11.608 11.608 11.608
66.5 0.056807 0.056807 0.056807 0.056807 11.554 11.554 11.554 11.554
66.6 0.056677 0.056677 0.056677 0.056677 11.5 11.5 11.5 11.5
66.7 0.056547 0.056547 0.056547 0.056547 11.446 11.446 11.446 11.446
66.8 0.056418 0.056418 0.056418 0.056418 11.393 11.393 11.393 11.393
66.9 0.056289 0.056289 0.056289 0.056289 11.339 11.339 11.339 11.339
67 0.05616 0.05616 0.05616 0.05616 11.286 11.286 11.286 11.286
67.1 0.056031 0.056031 0.056031 0.056031 11.233 11.233 11.233 11.233
67.2 0.055903 0.055903 0.055903 0.055903 11.18 11.18 11.18 11.18
67.3 0.055776 0.055776 0.055776 0.055776 11.127 11.127 11.127 11.127
67.4 0.055648 0.055648 0.055648 0.055648 11.074 11.074 11.074 11.074
67.5 0.055522 0.055522 0.055522 0.055522 11.022 11.022 11.022 11.022
67.6 0.055395 0.055395 0.055395 0.055395 10.97 10.97 10.97 10.97
67.7 0.055269 0.055269 0.055269 0.055269 10.918 10.918 10.918 10.918
67.8 0.055143 0.055143 0.055143 0.055143 10.866 10.866 10.866 10.866
67.9 0.055017 0.055017 0.055017 0.055017 10.814 10.814 10.814 10.814
68 0.054892 0.054892 0.054892 0.054892 10.763 10.763 10.763 10.763
68.1 0.054767 0.054767 0.054767 0.054767 10.712 10.712 10.712 10.712
68.2 0.054643 0.054643 0.054643 0.054643 10.66 10.66 10.66 10.66
68.3 0.054519 0.054519 0.054519 0.054519 10.609 10.609 10.609 10.609
68.4 0.054395 0.054395 0.054395 0.054395 10.559 10.559 10.559 10.559
68.5 0.054272 0.054272 0.054272 0.054272 10.508 10.508 10.508 10.508
68.6 0.054149 0.054149 0.054149 0.054149 10.458 10.458 10.458 10.458
68.7 0.054026 0.054026 0.054026 0.054026 10.408 10.408 10.408 10.408
68.8 0.053904 0.053904 0.053904 0.053904 10.358 10.358 10.358 10.358
68.9 0.053782 0.053782 0.053782 0.053782 10.308 10.308 10.308 10.308
69 0.05366 0.05366 0.05366 0.05366 10.258 10.258 10.258 10.258
69.1 0.053538 0.053538 0.053538 0.053538 10.209 10.209 10.209 10.209
69.2 0.053417 0.053417 0.053417 0.053417 10.159 10.159 10.159 10.159
69.3 0.053297 0.053297 0.053297 0.053297 10.11 10.11 10.11 10.11
69.4 0.053176 0.053176 0.053176 0.053176 10.061 10.061 10.061 10.061
69.5 0.053056 0.053056 0.053056 0.053056 10.012 10.012 10.012 10.012
69.6 0.052937 0.052937 0.052937 0.052937 9.9639 9.9639 9.9639 9.9639
69.7 0.052817 0.052817 0.052817 0.052817 9.9155 9.9155 9.9155 9.9155
69.8 0.052698 0.052698 0.052698 0.052698 9.8672 9.8672 9.8672 9.8672
69.9 0.05258 0.05258 0.05258 0.05258 9.8191 9.8191 9.8191 9.8191
70 0.052461 0.052461 0.052461 0.052461 9.7713 9.7713 9.7713 9.7713
70.1 0.052343 0.052343 0.052343 0.052343 9.7235 9.7235 9.7235 9.7235
70.2 0.052226 0.052226 0.052226 0.052226 9.676 9.676 9.676 9.676
70.3 0.052108 0.052108 0.052108 0.052108 9.6286 9.6286 9.6286 9.6286
70.4 0.051991 0.051991 0.051991 0.051991 9.5814 9.5814 9.5814 9.5814
70.5 0.051874 0.051874 0.051874 0.051874 9.5344 9.5344 9.5344 9.5344
70.6 0.051758 0.051758 0.051758 0.051758 9.4875 9.4875 9.4875 9.4875
70.7 0.051642 0.051642 0.051642 0.051642 9.4408 9.4408 9.4408 9.4408
70.8 0.051526 0.051526 0.051526 0.051526 9.3943 9.3943 9.3943 9.3943
70.9 0.051411 0.051411 0.051411 0.051411 9.348 9.348 9.348 9.348
71 0.051296 0.051296 0.051296 0.051296 9.3018 9.3018 9.3018 9.3018
71.1 0.051181 0.051181 0.051181 0.051181 9.2558 9.2558 9.2558 9.2558
71.2 0.051066 0.051066 0.051066 0.051066 9.2099 9.2099 9.2099 9.2099
71.3 0.050952 0.050952 0.050952 0.050952 9.1643 9.1643 9.1643 9.1643
71.4 0.050838 0.050838 0.050838 0.050838 9.1188 9.1188 9.1188 9.1188
71.5 0.050725 0.050725 0.050725 0.050725 9.0734 9.0734 9.0734 9.0734
71.6 0.050611 0.050611 0.050611 0.050611 9.0283 9.0283 9.0283 9.0283
71.7 0.050498 0.050498 0.050498 0.050498 8.9833 8.9833 8.9833 8.9833
71.8 0.050386 0.050386 0.050386 0.050386 8.9384 8.9384 8.9384 8.9384
71.9 0.050274 0.050274 0.050274 0.050274 8.8938 8.8938 8.8938 8.8938
72 0.050162 0.050162 0.050162 0.050162 8.8493 8.8493 8.8493 8.8493
72.1 0.05005 0.05005 0.05005 0.05005 8.8049 8.8049 8.8049 8.8049
72.2 0.049939 0.049939 0.049939 0.049939 8.7608 8.7608 8.7608 8.7608
72.3 0.049827 0.049827 0.049827 0.049827 8.7168 8.7168 8.7168 8.7168
72.4 0.049717 0.049717 0.049717 0.049717 8.6729 8.6729 8.6729 8.6729
72.5 0.049606 0.049606 0.049606 0.049606 8.6293 8.6293 8.6293 8.6293
72.6 0.049496 0.049496 0.049496 0.049496 8.5858 8.5858 8.5858 8.5858
72.7 0.049386 0.049386 0.049386 0.049386 8.5424 8.5424 8.5424 8.5424
72.8 0.049277 0.049277 0.049277 0.049277 8.4992 8.4992 8.4992 8.4992
72.9 0.049167 0.049167 0.049167 0.049167 8.4562 8.4562 8.4562 8.4562
73 0.049058 0.049058 0.049058 0.049058 8.4133 8.4133 8.4133 8.4133
73.1 0.04895 0.04895 0.04895 0.04895 8.3706 8.3706 8.3706 8.3706
73.2 0.048841 0.048841 0.048841 0.048841 8.3281 8.3281 8.3281 8.3281
73.3 0.048733 0.048733 0.048733 0.048733 8.2857 8.2857 8.2857 8.2857
73.4 0.048626 0.048626 0.048626 0.048626 8.2435 8.2435 8.2435 8.2435
73.5 0.048518 0.048518 0.048518 0.048518 8.2014 8.2014 8.2014 8.2014
73.6 0.048411 0.048411 0.048411 0.048411 8.1595 8.1595 8.1595 8.1595
73.7 0.048304 0.048304 0.048304 0.048304 8.1178 8.1178 8.1178 8.1178
73.8 0.048197 0.048197 0.048197 0.048197 8.0762 8.0762 8.0762 8.0762
73.9 0.048091 0.048091 0.048091 0.048091 8.0348 8.0348 8.0348 8.0348
74 0.047985 0.047985 0.047985 0.047985 7.9935 7.9935 7.9935 7.9935
74.1 0.047879 0.047879 0.047879 0.047879 7.9524 7.9524 7.9524 7.9524
74.2 0.047774 0.047774 0.047774 0.047774 7.9115 7.9115 7.9115 7.9115
74.3 0.047669 0.047669 0.047669 0.047669 7.8707 7.8707 7.8707 7.8707
74.4 0.047564 0.047564 0.047564 0.047564 7.8301 7.8301 7.8301 7.8301
74.5 0.047459 0.047459 0.047459 0.047459 7.7896 7.7896 7.7896 7.7896
74.6 0.047355 0.047355 0.047355 0.047355 7.7493 7.7493 7.7493 7.7493
74.7 0.047251 0.047251 0.047251 0.047251 7.7091 7.7091 7.7091 7.7091
74.8 0.047147 0.047147 0.047147 0.047147 7.6691 7.6691 7.6691 7.6691
74.9 0.047044 0.047044 0.047044 0.047044 7.6292 7.6292 7.6292 7.6292
75 0.046941 0.046941 0.046941 0.046941 7.5895 7.5895 7.5895 7.5895
75.1 0.046838 0.046838 0.046838 0.046838 7.55 7.55 7.55 7.55
75.2 0.046735 0.046735 0.046735 0.046735 7.5106 7.5106 7.5106 7.5106
75.3 0.046633 0.046633 0.046633 0.046633 7.4713 7.4713 7.4713 7.4713
75.4 0.046531 0.046531 0.046531 0.046531 7.4322 7.4322 7.4322 7.4322
75.5 0.046429 0.046429 0.046429 0.046429 7.3933 7.3933 7.3933 7.3933
75.6 0.046327 0.046327 0.046327 0.046327 7.3545 7.3545 7.3545 7.3545
75.7 0.046226 0.046226 0.046226 0.046226 7.3159 7.3159 7.3159 7.3159
75.8 0.046125 0.046125 0.046125 0.046125 7.2774 7.2774 7.2774 7.2774
75.9 0.046025 0.046025 0.046025 0.046025 7.239 7.239 7.239 7.239
76 0.045924 0.045924 0.045924 0.045924 7.2009 7.2009 7.2009 7.2009
76.1 0.045824 0.045824 0.045824 0.045824 7.1628 7.1628 7.1628 7.1628
76.2 0.045724 0.045724 0.045724 0.045724 7.1249 7.1249 7.1249 7.1249
76.3 0.045625 0.045625 0.045625 0.045625 7.0872 7.0872 7.0872 7.0872
76.4 0.045525 0.045525 0.045525 0.045525 7.0496 7.0496 7.0496 7.0496
76.5 0.045426 0.045426 0.045426 0.045426 7.0122 7.0122 7.0122 7.0122
76.6 0.045327 0.045327 0.045327 0.045327 6.9749 6.9749 6.9749 6.9749
76.7 0.045229 0.045229 0.045229 0.045229 6.9378 6.9378 6.9378 6.9378
76.8 0.045131 0.045131 0.045131 0.045131 6.9008 6.9008 6.9008 6.9008
76.9 0.045033 0.045033 0.045033 0.045033 6.8639 6.8639 6.8639 6.8639
77 0.044935 0.044935 0.044935 0.044935 6.8272 6.8272 6.8272 6.8272
77.1 0.044837 0.044837 0.044837 0.044837 6.7907 6.7907 6.7907 6.7907
77.2 0.04474 0.04474 0.04474 0.04474 6.7543 6.7543 6.7543 6.7543
77.3 0.044643 0.044643 0.044643 0.044643 6.718 6.718 6.718 6.718
77.4 0.044547 0.044547 0.044547 0.044547 6.6819 6.6819 6.6819 6.6819
77.5 0.04445 0.04445 0.04445 0.04445 6.6459 6.6459 6.6459 6.6459
77.6 0.044354 0.044354 0.044354 0.044354 6.6101 6.6101 6.6101 6.6101
77.7 0.044258 0.044258 0.044258 0.044258 6.5744 6.5744 6.5744 6.5744
77.8 0.044162 0.044162 0.044162 0.044162 6.5389 6.5389 6.5389 6.5389
77.9 0.044067 0.044067 0.044067 0.044067 6.5035 6.5035 6.5035 6.5035
78 0.043972 0.043972 0.043972 0.043972 6.4682 6.4682 6.4682 6.4682
78.1 0.043877 0.043877 0.043877 0.043877 6.4331 6.4331 6.4331 6.4331
78.2 0.043782 0.043782 0.043782 0.043782 6.3981 6.3981 6.3981 6.3981
78.3 0.043688 0.043688 0.043688 0.043688 6.3633 6.3633 6.3633 6.3633
78.4 0.043594 0.043594 0.043594 0.043594 6.3286 6.3286 6.3286 6.3286
78.5 0.0435 0.0435 0.0435 0.0435 6.2941 6.2941 6.2941 6.2941
78.6 0.043406 0.043406 0.043406 0.043406 6.2597 6.2597 6.2597 6.2597
78.7 0.043313 0.043313 0.043313 0.043313 6.2254 6.2254 6.2254 6.2254
78.8 0.04322 0.04322 0.04322 0.04322 6.1913 6.1913 6.1913 6.1913
78.9 0.043127 0.043127 0.043127 0.043127 6.1573 6.1573 6.1573 6.1573
79 0.043034 0.043034 0.043034 0.043034 6.1235 6.1235 6.1235 6.1235
79.1 0.042942 0.042942 0.042942 0.042942 6.0898 6.0898 6.0898 6.0898
79.2 0.04285 0.04285 0.04285 0.04285 6.0562 6.0562 6.0562 6.0562
79.3 0.042758 0.042758 0.042758 0.042758 6.0228 6.0228 6.0228 6.0228
79.4 0.042666 0.042666 0.042666 0.042666 5.9895 5.9895 5.9895 5.9895
79.5 0.042575 0.042575 0.042575 0.042575 5.9564 5.9564 5.9564 5.9564
79.6 0.042484 0.042484 0.042484 0.042484 5.9233 5.9233 5.9233 5.9233
79.7 0.042393 0.042393 0.042393 0.042393 5.8905 5.8905 5.8905 5.8905
79.8 0.042302 0.042302 0.042302 0.042302 5.8577 5.8577 5.8577 5.8577
79.9 0.042212 0.042212 0.042212 0.042212 5.8251 5.8251 5.8251 5.8251
80 0.042122 0.042122 0.042122 0.042122 5.7927 5.7927 5.7927 5.7927
80.1 0.042032 0.042032 0.042032 0.042032 5.7603 5.7603 5.7603 5.7603
80.2 0.041942 0.041942 0.041942 0.041942 5.7282 5.7282 5.7282 5.7282
80.3 0.041853 0.041853 0.041853 0.041853 5.6961 5.6961 5.6961 5.6961
80.4 0.041764 0.041764 0.041764 0.041764 5.6642 5.6642 5.6642 5.6642
80.5 0.041675 0.041675 0.041675 0.041675 5.6324 5.6324 5.6324 5.6324
80.6 0.041586 0.041586 0.041586 0.041586 5.6007 5.6007 5.6007 5.6007
80.7 0.041497 0.041497 0.041497 0.041497 5.5692 5.5692 5.5692 5.5692
80.8 0.041409 0.041409 0.041409 0.041409 5.5378 5.5378 5.5378 5.5378
80.9 0.041321 0.041321 0.041321 0.041321 5.5066 5.5066 5.5066 5.5066
81 0.041233 0.041233 0.041233 0.041233 5.4755 5.4755 5.4755 5.4755
81.1 0.041146 0.041146 0.041146 0.041146 5.4445 5.4445 5.4445 5.4445
81.2 0.041058 0.041058 0.041058 0.041058 5.4136 5.4136 5.4136 5.4136
81.3 0.040971 0.040971 0.040971 0.040971 5.3829 5.3829 5.3829 5.3829
81.4 0.040884 0.040884 0.040884 0.040884 5.3523 5.3523 5.3523 5.3523
81.5 0.040798 0.040798 0.040798 0.040798 5.3218 5.3218 5.3218 5.3218
81.6 0.040711 0.040711 0.040711 0.040711 5.2915 5.2915 5.2915 5.2915
81.7 0.040625 0.040625 0.040625 0.040625 5.2613 5.2613 5.2613 5.2613
81.8 0.040539 0.040539 0.040539 0.040539 5.2312 5.2312 5.2312 5.2312
81.9 0.040454 0.040454 0.040454 0.040454 5.2013 5.2013 5.2013 5.2013
82 0.040368 0.040368 0.040368 0.040368 5.1715 5.1715 5.1715 5.1715
82.1 0.040283 0.040283 0.040283 0.040283 5.1418 5.1418 5.1418 5.1418
82.2 0.040198 0.040198 0.040198 0.040198 5.1122 5.1122 5.1122 5.1122
82.3 0.040113 0.040113 0.040113 0.040113 5.0828 5.0828 5.0828 5.0828
82.4 0.040028 0.040028 0.040028 0.040028 5.0535 5.0535 5.0535 5.0535
82.5 0.039944 0.039944 0.039944 0.039944 5.0243 5.0243 5.0243 5.0243
82.6 0.03986 0.03986 0.03986 0.03986 4.9953 4.9953 4.9953 4.9953
82.7 0.039776 0.039776 0.039776 0.039776 4.9664 4.9664 4.9664 4.9664
82.8 0.039692 0.039692 0.039692 0.039692 4.9376 4.9376 4.9376 4.9376
82.9 0.039609 0.039609 0.039609 0.039609 4.9089 4.9089 4.9089 4.9089
83 0.039526 0.039526 0.039526 0.039526 4.8804 4.8804 4.8804 4.8804
83.1 0.039443 0.039443 0.039443 0.039443 4.852 4.852 4.852 4.852
83.2 0.03936 0.03936 0.03936 0.03936 4.8237 4.8237 4.8237 4.8237
83.3 0.039277 0.039277 0.039277 0.039277 4.7955 4.7955 4.7955 4.7955
83.4 0.039195 0.039195 0.039195 0.039195 4.7675 4.7675 4.7675 4.7675
83.5 0.039113 0.039113 0.039113 0.039113 4.7396 4.7396 4.7396 4.7396
83.6 0.039031 0.039031 0.039031 0.039031 4.7118 4.7118 4.7118 4.7118
83.7 0.038949 0.038949 0.038949 0.038949 4.6841 4.6841 4.6841 4.6841
83.8 0.038867 0.038867 0.038867 0.038867 4.6566 4.6566 4.6566 4.6566
83.9 0.038786 0.038786 0.038786 0.038786 4.6291 4.6291 4.6291 4.6291
84 0.038705 0.038705 0.038705 0.038705 4.6018 4.6018 4.6018 4.6018
84.1 0.038624 0.038624 0.038624 0.038624 4.5747 4.5747 4.5747 4.5747
84.2 0.038544 0.038544 0.038544 0.038544 4.5476 4.5476 4.5476 4.5476
84.3 0.038463 0.038463 0.038463 0.038463 4.5207 4.5207 4.5207 4.5207
84.4 0.038383 0.038383 0.038383 0.038383 4.4939 4.4939 4.4939 4.4939
84.5 0.038303 0.038303 0.038303 0.038303 4.4672 4.4672 4.4672 4.4672
84.6 0.038223 0.038223 0.038223 0.038223 4.4406 4.4406 4.4406 4.4406
84.7 0.038144 0.038144 0.038144 0.038144 4.4142 4.4142 4.4142 4.4142
84.8 0.038064 0.038064 0.038064 0.038064 4.3878 4.3878 4.3878 4.3878
84.9 0.037985 0.037985 0.037985 0.037985 4.3616 4.3616 4.3616 4.3616
85 0.037906 0.037906 0.037906 0.037906 4.3355 4.3355 4.3355 4.3355
85.1 0.037827 0.037827 0.037827 0.037827 4.3096 4.3096 4.3096 4.3096
85.2 0.037749 0.037749 0.037749 0.037749 4.2837 4.2837 4.2837 4.2837
85.3 0.03767 0.03767 0.03767 0.03767 4.258 4.258 4.258 4.258
85.4 0.037592 0.037592 0.037592 0.037592 4.2324 4.2324 4.2324 4.2324
85.5 0.037514 0.037514 0.037514 0.037514 4.2069 4.2069 4.2069 4.2069
85.6 0.037437 0.037437 0.037437 0.037437 4.1815 4.1815 4.1815 4.1815
85.7 0.037359 0.037359 0.037359 0.037359 4.1562 4.1562 4.1562 4.1562
85.8 0.037282 0.037282 0.037282 0.037282 4.1311 4.1311 4.1311 4.1311
85.9 0.037205 0.037205 0.037205 0.037205 4.106 4.106 4.106 4.106
86 0.037128 0.037128 0.037128 0.037128 4.0811 4.0811 4.0811 4.0811
86.1 0.037051 0.037051 0.037051 0.037051 4.0563 4.0563 4.0563 4.0563
86.2 0.036975 0.036975 0.036975 0.036975 4.0317 4.0317 4.0317 4.0317
86.3 0.036898 0.036898 0.036898 0.036898 4.0071 4.0071 4.0071 4.0071
86.4 0.036822 0.036822 0.036822 0.036822 3.9826 3.9826 3.9826 3.9826
86.5 0.036746 0.036746 0.036746 0.036746 3.9583 3.9583 3.9583 3.9583
86.6 0.036671 0.036671 0.036671 0.036671 3.9341 3.9341 3.9341 3.9341
86.7 0.036595 0.036595 0.036595 0.036595 3.91 3.91 3.91 3.91
86.8 0.03652 0.03652 0.03652 0.03652 3.886 3.886 3.886 3.886
86.9 0.036445 0.036445 0.036445 0.036445 3.8621 3.8621 3.8621 3.8621
87 0.03637 0.03637 0.03637 0.03637 3.8383 3.8383 3.8383 3.8383
87.1 0.036295 0.036295 0.036295 0.036295 3.8146 3.8146 3.8146 3.8146
87.2 0.03622 0.03622 0.03622 0.03622 3.7911 3.7911 3.7911 3.7911
87.3 0.036146 0.036146 0.036146 0.036146 3.7677 3.7677 3.7677 3.7677
87.4 0.036072 0.036072 0.036072 0.036072 3.7443 3.7443 3.7443 3.7443
87.5 0.035998 0.035998 0.035998 0.035998 3.7211 3.7211 3.7211 3.7211
87.6 0.035924 0.035924 0.035924 0.035924 3.698 3.698 3.698 3.698
87.7 0.035851 0.035851 0.035851 0.035851 3.675 3.675 3.675 3.675
87.8 0.035777 0.035777 0.035777 0.035777 3.6522 3.6522 3.6522 3.6522
87.9 0.035704 0.035704 0.035704 0.035704 3.6294 3.6294 3.6294 3.6294
88 0.035631 0.035631 0.035631 0.035631 3.6067 3.6067 3.6067 3.6067
88.1 0.035559 0.035559 0.035559 0.035559 3.5842 3.5842 3.5842 3.5842
88.2 0.035486 0.035486 0.035486 0.035486 3.5617 3.5617 3.5617 3.5617
88.3 0.035414 0.035414 0.035414 0.035414 3.5394 3.5394 3.5394 3.5394
88.4 0.035341 0.035341 0.035341 0.035341 3.5172 3.5172 3.5172 3.5172
88.5 0.035269 0.035269 0.035269 0.035269 3.4951 3.4951 3.4951 3.4951
88.6 0.035198 0.035198 0.035198 0.035198 3.4731 3.4731 3.4731 3.4731
88.7 0.035126 0.035126 0.035126 0.035126 3.4511 3.4511 3.4511 3.4511
88.8 0.035054 0.035054 0.035054 0.035054 3.4294 3.4294 3.4294 3.4294
88.9 0.034983 0.034983 0.034983 0.034983 3.4077 3.4077 3.4077 3.4077
89 0.034912 0.034912 0.034912 0.034912 3.3861 3.3861 3.3861 3.3861
89.1 0.034841 0.034841 0.034841 0.034841 3.3646 3.3646 3.3646 3.3646
89.2 0.034771 0.034771 0.034771 0.034771 3.3432 3.3432 3.3432 3.3432
89.3 0.0347 0.0347 0.0347 0.0347 3.322 3.322 3.322 3.322
89.4 0.03463 0.03463 0.03463 0.03463 3.3008 3.3008 3.3008 3.3008
89.5 0.03456 0.03456 0.03456 0.03456 3.2798 3.2798 3.2798 3.2798
89.6 0.03449 0.03449 0.03449 0.03449 3.2588 3.2588 3.2588 3.2588
89.7 0.03442 0.03442 0.03442 0.03442 3.238 3.238 3.238 3.238
89.8 0.03435 0.03435 0.03435 0.03435 3.2172 3.2172 3.2172 3.2172
89.9 0.034281 0.034281 0.034281 0.034281 3.1966 3.1966 3.1966 3.1966
90 0.034211 0.034211 0.034211 0.034211 3.176 3.176 3.176 3.176
90.1 0.034142 0.034142 0.034142 0.034142 3.1556 3.1556 3.1556 3.1556
90.2 0.034074 0.034074 0.034074 0.034074 3.1353 3.1353 3.1353 3.1353
90.3 0.034005 0.034005 0.034005 0.034005 3.1151 3.1151 3.1151 3.1151
90.4 0.033936 0.033936 0.033936 0.033936 3.0949 3.0949 3.0949 3.0949
90.5 0.033868 0.033868 0.033868 0.033868 3.0749 3.0749 3.0749 3.0749
90.6 0.0338 0.0338 0.0338 0.0338 3.055 3.055 3.055 3.055
90.7 0.033732 0.033732 0.033732 0.033732 3.0352 3.0352 3.0352 3.0352
90.8 0.033664 0.033664 0.033664 0.033664 3.0154 3.0154 3.0154 3.0154
90.9 0.033596 0.033596 0.033596 0.033596 2.9958 2.9958 2.9958 2.9958
91 0.033529 0.033529 0.033529 0.033529 2.9763 2.9763 2.9763 2.9763
91.1 0.033462 0.033462 0.033462 0.033462 2.9569 2.9569 2.9569 2.9569
91.2 0.033395 0.033395 0.033395 0.033395 2.9376 2.9376 2.9376 2.9376
91.3 0.033328 0.033328 0.033328 0.033328 2.9183 2.9183 2.9183 2.9183
91.4 0.033261 0.033261 0.033261 0.033261 2.8992 2.8992 2.8992 2.8992
91.5 0.033194 0.033194 0.033194 0.033194 2.8802 2.8802 2.8802 2.8802
91.6 0.033128 0.033128 0.033128 0.033128 2.8613 2.8613 2.8613 2.8613
91.7 0.033062 0.033062 0.033062 0.033062 2.8424 2.8424 2.8424 2.8424
91.8 0.032996 0.032996 0.032996 0.032996 2.8237 2.8237 2.8237 2.8237
91.9 0.03293 0.03293 0.03293 0.03293 2.8051 2.8051 2.8051 2.8051
92 0.032864 0.032864 0.032864 0.032864 2.7865 2.7865 2.7865 2.7865
92.1 0.032798 0.032798 0.032798 0.032798 2.7681 2.7681 2.7681 2.7681
92.2 0.032733 0.032733 0.032733 0.032733 2.7498 2.7498 2.7498 2.7498
92.3 0.032668 0.032668 0.032668 0.032668 2.7315 2.7315 2.7315 2.7315
92.4 0.032603 0.032603 0.032603 0.032603 2.7134 2.7134 2.7134 2.7134
92.5 0.032538 0.032538 0.032538 0.032538 2.6953 2.6953 2.6953 2.6953
92.6 0.032473 0.032473 0.032473 0.032473 2.6773 2.6773 2.6773 2.6773
92.7 0.032409 0.032409 0.032409 0.032409 2.6595 2.6595 2.6595 2.6595
92.8 0.032344 0.032344 0.032344 0.032344 2.6417 2.6417 2.6417 2.6417
92.9 0.03228 0.03228 0.03228 0.03228 2.624 2.624 2.624 2.624
93 0.032216 0.032216 0.032216 0.032216 2.6064 2.6064 2.6064 2.6064
93.1 0.032152 0.032152 0.032152 0.032152 2.5889 2.5889 2.5889 2.5889
93.2 0.032089 0.032089 0.032089 0.032089 2.5715 2.5715 2.5715 2.5715
93.3 0.032025 0.032025 0.032025 0.032025 2.5542 2.5542 2.5542 2.5542
93.4 0.031962 0.031962 0.031962 0.031962 2.537 2.537 2.537 2.537
93.5 0.031899 0.031899 0.031899 0.031899 2.5199 2.5199 2.5199 2.5199
93.6 0.031836 0.031836 0.031836 0.031836 2.5029 2.5029 2.5029 2.5029
93.7 0.031773 0.031773 0.031773 0.031773 2.4859 2.4859 2.4859 2.4859
93.8 0.03171 0.03171 0.03171 0.03171 2.4691 2.4691 2.4691 2.4691
93.9 0.031647 0.031647 0.031647 0.031647 2.4523 2.4523 2.4523 2.4523
94 0.031585 0.031585 0.031585 0.031585 2.4357 2.4357 2.4357 2.4357
94.1 0.031523 0.031523 0.031523 0.031523 2.4191 2.4191 2.4191 2.4191
94.2 0.031461 0.031461 0.031461 0.031461 2.4026 2.4026 2.4026 2.4026
94.3 0.031399 0.031399 0.031399 0.031399 2.3862 2.3862 2.3862 2.3862
94.4 0.031337 0.031337 0.031337 0.031337 2.3699 2.3699 2.3699 2.3699
94.5 0.031276 0.031276 0.031276 0.031276 2.3537 2.3537 2.3537 2.3537
94.6 0.031214 0.031214 0.031214 0.031214 2.3376 2.3376 2.3376 2.3376
94.7 0.031153 0.031153 0.031153 0.031153 2.3215 2.3215 2.3215 2.3215
94.8 0.031092 0.031092 0.031092 0.031092 2.3056 2.3056 2.3056 2.3056
94.9 0.031031 0.031031 0.031031 0.031031 2.2897 2.2897 2.2897 2.2897
95 0.03097 0.03097 0.03097 0.03097 2.2739 2.2739 2.2739 2.2739
95.1 0.03091 0.03091 0.03091 0.03091 2.2583 2.2583 2.2583 2.2583
95.2 0.030849 0.030849 0.030849 0.030849 2.2427 2.2427 2.2427 2.2427
95.3 0.030789 0.030789 0.030789 0.030789 2.2271 2.2271 2.2271 2.2271
95.4 0.030729 0.030729 0.030729 0.030729 2.2117 2.2117 2.2117 2.2117
95.5 0.030669 0.030669 0.030669 0.030669 2.1964 2.1964 2.1964 2.1964
95.6 0.030609 0.030609 0.030609 0.030609 2.1811 2.1811 2.1811 2.1811
95.7 0.030549 0.030549 0.030549 0.030549 2.1659 2.1659 2.1659 2.1659
95.8 0.03049 0.03049 0.03049 0.03049 2.1509 2.1509 2.1509 2.1509
95.9 0.03043 0.03043 0.03043 0.03043 2.1359 2.1359 2.1359 2.1359
96 0.030371 0.030371 0.030371 0.030371 2.1209 2.1209 2.1209 2.1209
96.1 0.030312 0.030312 0.030312 0.030312 2.1061 2.1061 2.1061 2.1061
96.2 0.030253 0.030253 0.030253 0.030253 2.0914 2.0914 2.0914 2.0914
96.3 0.030194 0.030194 0.030194 0.030194 2.0767 2.0767 2.0767 2.0767
96.4 0.030136 0.030136 0.030136 0.030136 2.0621 2.0621 2.0621 2.0621
96.5 0.030077 0.030077 0.030077 0.030077 2.0476 2.0476 2.0476 2.0476
96.6 0.030019 0.030019 0.030019 0.030019 2.0332 2.0332 2.0332 2.0332
96.7 0.029961 0.029961 0.029961 0.029961 2.0189 2.0189 2.0189 2.0189
96.8 0.029903 0.029903 0.029903 0.029903 2.0046 2.0046 2.0046 2.0046
96.9 0.029845 0.029845 0.029845 0.029845 1.9904 1.9904 1.9904 1.9904
97 0.029788 0.029788 0.029788 0.029788 1.9764 1.9764 1.9764 1.9764
97.1 0.02973 0.02973 0.02973 0.02973 1.9623 1.9623 1.9623 1.9623
97.2 0.029673 0.029673 0.029673 0.029673 1.9484 1.9484 1.9484 1.9484
97.3 0.029615 0.029615 0.029615 0.029615 1.9346 1.9346 1.9346 1.9346
97.4 0.029558 0.029558 0.029558 0.029558 1.9208 1.9208 1.9208 1.9208
97.5 0.029501 0.029501 0.029501 0.029501 1.9071 1.9071 1.9071 1.9071
97.6 0.029445 0.029445 0.029445 0.029445 1.8935 1.8935 1.8935 1.8935
97.7 0.029388 0.029388 0.029388 0.029388 1.88 1.88 1.88 1.88
97.8 0.029331 0.029331 0.029331 0.029331 1.8665 1.8665 1.8665 1.8665
97.9 0.029275 0.029275 0.029275 0.029275 1.8532 1.8532 1.8532 1.8532
98 0.029219 0.029219 0.029219 0.029219 1.8399 1.8399 1.8399 1.8399
98.1 0.029163 0.029163 0.029163 0.029163 1.8266 1.8266 1.8266 1.8266
98.2 0.029107 0.029107 0.029107 0.029107 1.8135 1.8135 1.8135 1.8135
98.3 0.029051 0.029051 0.029051 0.029051 1.8005 1.8005 1.8005 1.8005
98.4 0.028996 0.028996 0.028996 0.028996 1.7875 1.7875 1.7875 1.7875
98.5 0.02894 0.02894 0.02894 0.02894 1.7746 1.7746 1.7746 1.7746
98.6 0.028885 0.028885 0.028885 0.028885 1.7617 1.7617 1.7617 1.7617
98.7 0.02883 0.02883 0.02883 0.02883 1.749 1.749 1.749 1.749
98.8 0.028775 0.028775 0.028775 0.028775 1.7363 1.7363 1.7363 1.7363
98.9 0.02872 0.02872 0.02872 0.02872 1.7237 1.7237 1.7237 1.7237
99 0.028665 0.028665 0.028665 0.028665 1.7112 1.7112 1.7112 1.7112
99.1 0.02861 0.02861 0.02861 0.02861 1.6987 1.6987 1.6987 1.6987
99.2 0.028556 0.028556 0.028556 0.028556 1.6863 1.6863 1.6863 1.6863
99.3 0.028502 0.028502 0.028502 0.028502 1.674 1.674 1.674 1.674
99.4 0.028447 0.028447 0.028447 0.028447 1.6618 1.6618 1.6618 1.6618
99.5 0.028393 0.028393 0.028393 0.028393 1.6497 1.6497 1.6497 1.6497
99.6 0.028339 0.028339 0.028339 0.028339 1.6376 1.6376 1.6376 1.6376
99.7 0.028286 0.028286 0.028286 0.028286 1.6256 1.6256 1.6256 1.6256
99.8 0.028232 0.028232 0.028232 0.028232 1.6136 1.6136 1.6136 1.6136
99.9 0.028179 0.028179 0.028179 0.028179 1.6018 1.6018 1.6018 1.6018
100 0.028125 0.028125 0.028125 0.028125 1.59 1.59 1.59 1.59
100.1 0.028072 0.028072 0.028072 0.028072 1.5783 1.5783 1.5783 1.5783
100.2 0.028019 0.028019 0.028019 0.028019 1.5666 1.5666 1.5666 1.5666
100.3 0.027966 0.027966 0.027966 0.027966 1.555 1.555 1.555 1.555
100.4 0.027913 0.027913 0.027913 0.027913 1.5435 1.5435 1.5435 1.5435
100.5 0.027861 0.027861 0.027861 0.027861 1.5321 1.5321 1.5321 1.5321
100.6 0.027808 0.027808 0.027808 0.027808 1.5207 1.5207 1.5207 1.5207
100.7 0.027756 0.027756 0.027756 0.027756 1.5094 1.5094 1.5094 1.5094
100.8 0.027703 0.027703 0.027703 0.027703 1.4982 1.4982 1.4982 1.4982
100.9 0.027651 0.027651 0.027651 0.027651 1.4871 1.4871 1.4871 1.4871
101 0.027599 0.027599 0.027599 0.027599 1.476 1.476 1.476 1.476
101.1 0.027547 0.027547 0.027547 0.027547 1.465 1.465 1.465 1.465
101.2 0.027496 0.027496 0.027496 0.027496 1.454 1.454 1.454 1.454
101.3 0.027444 0.027444 0.027444 0.027444 1.4431 1.4431 1.4431 1.4431
101.4 0.027393 0.027393 0.027393 0.027393 1.4323 1.4323 1.4323 1.4323
101.5 0.027341 0.027341 0.027341 0.027341 1.4216 1.4216 1.4216 1.4216
101.6 0.02729 0.02729 0.02729 0.02729 1.4109 1.4109 1.4109 1.4109
101.7 0.027239 0.027239 0.027239 0.027239 1.4003 1.4003 1.4003 1.4003
101.8 0.027188 0.027188 0.027188 0.027188 1.3897 1.3897 1.3897 1.3897
101.9 0.027138 0.027138 0.027138 0.027138 1.3793 1.3793 1.3793 1.3793
102 0.027087 0.027087 0.027087 0.027087 1.3689 1.3689 1.3689 1.3689
102.1 0.027037 0.027037 0.027037 0.027037 1.3585 1.3585 1.3585 1.3585
102.2 0.026986 0.026986 0.026986 0.026986 1.3482 1.3482 1.3482 1.3482
102.3 0.026936 0.026936 0.026936 0.026936 1.338 1.338 1.338 1.338
102.4 0.026886 0.026886 0.026886 0.026886 1.3279 1.3279 1.3279 1.3279
102.5 0.026836 0.026836 0.026836 0.026836 1.3178 1.3178 1.3178 1.3178
102.6 0.026786 0.026786 0.026786 0.026786 1.3078 1.3078 1.3078 1.3078
102.7 0.026736 0.026736 0.026736 0.026736 1.2978 1.2978 1.2978 1.2978
102.8 0.026687 0.026687 0.026687 0.026687 1.2879 1.2879 1.2879 1.2879
102.9 0.026637 0.026637 0.026637 0.026637 1.2781 1.2781 1.2781 1.2781
103 0.026588 0.026588 0.026588 0.026588 1.2683 1.2683 1.2683 1.2683
103.1 0.026539 0.026539 0.026539 0.026539 1.2586 1.2586 1.2586 1.2586
103.2 0.02649 0.02649 0.02649 0.02649 1.249 1.249 1.249 1.249
103.3 0.026441 0.026441 0.026441 0.026441 1.2394 1.2394 1.2394 1.2394
103.4 0.026392 0.026392 0.026392 0.026392 1.2299 1.2299 1.2299 1.2299
103.5 0.026343 0.026343 0.026343 0.026343 1.2205 1.2205 1.2205 1.2205
103.6 0.026295 0.026295 0.026295 0.026295 1.2111 1.2111 1.2111 1.2111
103.7 0.026246 0.026246 0.026246 0.026246 1.2017 1.2017 1.2017 1.2017
103.8 0.026198 0.026198 0.026198 0.026198 1.1925 1.1925 1.1925 1.1925
103.9 0.02615 0.02615 0.02615 0.02615 1.1833 1.1833 1.1833 1.1833
104 0.026102 0.026102 0.026102 0.026102 1.1741 1.1741 1.1741 1.1741
104.1 0.026054 0.026054 0.026054 0.026054 1.165 1.165 1.165 1.165
104.2 0.026006 0.026006 0.026006 0.026006 1.156 1.156 1.156 1.156
104.3 0.025958 0.025958 0.025958 0.025958 1.147 1.147 1.147 1.147
104.4 0.025911 0.025911 0.025911 0.025911 1.1381 1.1381 1.1381 1.1381
104.5 0.025863 0.025863 0.025863 0.025863 1.1293 1.1293 1.1293 1.1293
104.6 0.025816 0.025816 0.025816 0.025816 1.1205 1.1205 1.1205 1.1205
104.7 0.025769 0.025769 0.025769 0.025769 1.1118 1.1118 1.1118 1.1118
104.8 0.025722 0.025722 0.025722 0.025722 1.1031 1.1031 1.1031 1.1031
104.9 0.025675 0.025675 0.025675 0.025675 1.0945 1.0945 1.0945 1.0945
105 0.025628 0.025628 0.025628 0.025628 1.0859 1.0859 1.0859 1.0859
105.1 0.025581 0.025581 0.025581 0.025581 1.0774 1.0774 1.0774 1.0774
105.2 0.025535 0.025535 0.025535 0.025535 1.069 1.069 1.069 1.069
105.3 0.025488 0.025488 0.025488 0.025488 1.0606 1.0606 1.0606 1.0606
105.4 0.025442 0.025442 0.025442 0.025442 1.0523 1.0523 1.0523 1.0523
105.5 0.025396 0.025396 0.025396 0.025396 1.044 1.044 1.044 1.044
105.6 0.02535 0.02535 0.02535 0.02535 1.0358 1.0358 1.0358 1.0358
105.7 0.025304 0.025304 0.025304 0.025304 1.0276 1.0276 1.0276 1.0276
105.8 0.025258 0.025258 0.025258 0.025258 1.0195 1.0195 1.0195 1.0195
105.9 0.025212 0.025212 0.025212 0.025212 1.0114 1.0114 1.0114 1.0114
106 0.025167 0.025167 0.025167 0.025167 1.0034 1.0034 1.0034 1.0034
106.1 0.025121 0.025121 0.025121 0.025121 0.9955 0.9955 0.9955 0.9955
106.2 0.025076 0.025076 0.025076 0.025076 0.98761 0.98761 0.98761 0.98761
106.3 0.025031 0.025031 0.025031 0.025031 0.97977 0.97977 0.97977 0.97977
106.4 0.024986 0.024986 0.024986 0.024986 0.97199 0.97199 0.97199 0.97199
106.5 0.024941 0.024941 0.024941 0.024941 0.96426 0.96426 0.96426 0.96426
106.6 0.024896 0.024896 0.024896 0.024896 0.95659 0.95659 0.95659 0.95659
106.7 0.024851 0.024851 0.024851 0.024851 0.94896 0.94896 0.94896 0.94896
106.8 0.024806 0.024806 0.024806 0.024806 0.9414 0.9414 0.9414 0.9414
106.9 0.024762 0.024762 0.024762 0.024762 0.93388 0.93388 0.93388 0.93388
107 0.024717 0.024717 0.024717 0.024717 0.92641 0.92641 0.92641 0.92641
107.1 0.024673 0.024673 0.024673 0.024673 0.919 0.919 0.919 0.919
107.2 0.024629 0.024629 0.024629 0.024629 0.91164 0.91164 0.91164 0.91164
107.3 0.024585 0.024585 0.024585 0.024585 0.90433 0.90433 0.90433 0.90433
107.4 0.024541 0.024541 0.024541 0.024541 0.89706 0.89706 0.89706 0.89706
107.5 0.024497 0.024497 0.024497 0.024497 0.88986 0.88986 0.88986 0.88986
107.6 0.024453 0.024453 0.024453 0.024453 0.8827 0.8827 0.8827 0.8827
107.7 0.02441 0.02441 0.02441 0.02441 0.87559 0.87559 0.87559 0.87559
107.8 0.024366 0.024366 0.024366 0.024366 0.86853 0.86853 0.86853 0.86853
107.9 0.024323 0.024323 0.024323 0.024323 0.86152 0.86152 0.86152 0.86152
108 0.02428 0.02428 0.02428 0.02428 0.85456 0.85456 0.85456 0.85456
108.1 0.024237 0.024237 0.024237 0.024237 0.84765 0.84765 0.84765 0.84765
108.2 0.024193 0.024193 0.024193 0.024193 0.84078 0.84078 0.84078 0.84078
108.3 0.024151 0.024151 0.024151 0.024151 0.83397 0.83397 0.83397 0.83397
108.4 0.024108 0.024108 0.024108 0.024108 0.82721 0.82721 0.82721 0.82721
108.5 0.024065 0.024065 0.024065 0.024065 0.82049 0.82049 0.82049 0.82049
108.6 0.024023 0.024023 0.024023 0.024023 0.81382 0.81382 0.81382 0.81382
108.7 0.02398 0.02398 0.02398 0.02398 0.8072 0.8072 0.8072 0.8072
108.8 0.023938 0.023938 0.023938 0.023938 0.80062 0.80062 0.80062 0.80062
108.9 0.023895 0.023895 0.023895 0.023895 0.79409 0.79409 0.79409 0.79409
109 0.023853 0.023853 0.023853 0.023853 0.78761 0.78761 0.78761 0.78761
109.1 0.023811 0.023811 0.023811 0.023811 0.78118 0.78118 0.78118 0.78118
109.2 0.023769 0.023769 0.023769 0.023769 0.77479 0.77479 0.77479 0.77479
109.3 0.023728 0.023728 0.023728 0.023728 0.76844 0.76844 0.76844 0.76844
109.4 0.023686 0.023686 0.023686 0.023686 0.76215 0.76215 0.76215 0.76215
109.5 0.023644 0.023644 0.023644 0.023644 0.75589 0.75589 0.75589 0.75589
109.6 0.023603 0.023603 0.023603 0.023603 0.74969 0.74969 0.74969 0.74969
109.7 0.023562 0.023562 0.023562 0.023562 0.74353 0.74353 0.74353 0.74353
109.8 0.02352 0.02352 0.02352 0.02352 0.73741 0.73741 0.73741 0.73741
109.9 0.023479 0.023479 0.023479 0.023479 0.73134 0.73134 0.73134 0.73134
110 0.023438 0.023438 0.023438 0.023438 0.72531 0.72531 0.72531 0.72531
110.1 0.023397 0.023397 0.023397 0.023397 0.71932 0.71932 0.71932 0.71932
110.2 0.023356 0.023356 0.023356 0.023356 0.71338 0.71338 0.71338 0.71338
110.3 0.023316 0.023316 0.023316 0.023316 0.70748 0.70748 0.70748 0.70748
110.4 0.023275 0.023275 0.023275 0.023275 0.70163 0.70163 0.70163 0.70163
110.5 0.023235 0.023235 0.023235 0.023235 0.69582 0.69582 0.69582 0.69582
110.6 0.023194 0.023194 0.023194 0.023194 0.69005 0.69005 0.69005 0.69005
110.7 0.023154 0.023154 0.023154 0.023154 0.68432 0.68432 0.68432 0.68432
110.8 0.023114 0.023114 0.023114 0.023114 0.67864 0.67864 0.67864 0.67864
110.9 0.023074 0.023074 0.023074 0.023074 0.67299 0.67299 0.67299 0.67299
111 0.023034 0.023034 0.023034 0.023034 0.66739 0.66739 0.66739 0.66739
111.1 0.022994 0.022994 0.022994 0.022994 0.66183 0.66183 0.66183 0.66183
111.2 0.022954 0.022954 0.022954 0.022954 0.65631 0.65631 0.65631 0.65631
111.3 0.022915 0.022915 0.022915 0.022915 0.65084 0.65084 0.65084 0.65084
111.4 0.022875 0.022875 0.022875 0.022875 0.6454 0.6454 0.6454 0.6454
111.5 0.022836 0.022836 0.022836 0.022836 0.64 0.64 0.64 0.64
111.6 0.022796 0.022796 0.022796 0.022796 0.63465 0.63465 0.63465 0.63465
111.7 0.022757 0.022757 0.022757 0.022757 0.62933 0.62933 0.62933 0.62933
111.8 0.022718 0.022718 0.022718 0.022718 0.62405 0.62405 0.62405 0.62405
111.9 0.022679 0.022679 0.022679 0.022679 0.61882 0.61882 0.61882 0.61882
112 0.02264 0.02264 0.02264 0.02264 0.61362 0.61362 0.61362 0.61362
112.1 0.022601 0.022601 0.022601 0.022601 0.60846 0.60846 0.60846 0.60846
112.2 0.022563 0.022563 0.022563 0.022563 0.60334 0.60334 0.60334 0.60334
112.3 0.022524 0.022524 0.022524 0.022524 0.59826 0.59826 0.59826 0.59826
112.4 0.022486 0.022486 0.022486 0.022486 0.59322 0.59322 0.59322 0.59322
112.5 0.022447 0.022447 0.022447 0.022447 0.58821 0.58821 0.58821 0.58821
112.6 0.022409 0.022409 0.022409 0.022409 0.58324 0.58324 0.58324 0.58324
112.7 0.022371 0.022371 0.022371 0.022371 0.57831 0.57831 0.57831 0.57831
112.8 0.022333 0.022333 0.022333 0.022333 0.57342 0.57342 0.57342 0.57342
112.9 0.022295 0.022295 0.022295 0.022295 0.56857 0.56857 0.56857 0.56857
113 0.022257 0.022257 0.022257 0.022257 0.56375 0.56375 0.56375 0.56375
113.1 0.022219 0.022219 0.022219 0.022219 0.55897 0.55897 0.55897 0.55897
113.2 0.022181 0.022181 0.022181 0.022181 0.55422 0.55422 0.55422 0.55422
113.3 0.022144 0.022144 0.022144 0.022144 0.54951 0.54951 0.54951 0.54951
113.4 0.022106 0.022106 0.022106 0.022106 0.54484 0.54484 0.54484 0.54484
113.5 0.022069 0.022069 0.022069 0.022069 0.5402 0.5402 0.5402 0.5402
113.6 0.022032 0.022032 0.022032 0.022032 0.5356 0.5356 0.5356 0.5356
113.7 0.021995 0.021995 0.021995 0.021995 0.53103 0.53103 0.53103 0.53103
113.8 0.021958 0.021958 0.021958 0.021958 0.5265 0.5265 0.5265 0.5265
113.9 0.021921 0.021921 0.021921 0.021921 0.52201 0.52201 0.52201 0.52201
114 0.021884 0.021884 0.021884 0.021884 0.51754 0.51754 0.51754 0.51754
114.1 0.021847 0.021847 0.021847 0.021847 0.51312 0.51312 0.51312 0.51312
114.2 0.02181 0.02181 0.02181 0.02181 0.50872 0.50872 0.50872 0.50872
114.3 0.021774 0.021774 0.021774 0.021774 0.50437 0.50437 0.50437 0.50437
114.4 0.021737 0.021737 0.021737 0.021737 0.50004 0.50004 0.50004 0.50004
114.5 0.021701 0.021701 0.021701 0.021701 0.49575 0.49575 0.49575 0.49575
114.6 0.021665 0.021665 0.021665 0.021665 0.49149 0.49149 0.49149 0.49149
114.7 0.021628 0.021628 0.021628 0.021628 0.48726 0.48726 0.48726 0.48726
114.8 0.021592 0.021592 0.021592 0.021592 0.48307 0.48307 0.48307 0.48307
114.9 0.021556 0.021556 0.021556 0.021556 0.47891 0.47891 0.47891 0.47891
115 0.021521 0.021521 0.021521 0.021521 0.47479 0.47479 0.47479 0.47479
115.1 0.021485 0.021485 0.021485 0.021485 0.47069 0.47069 0.47069 0.47069
115.2 0.021449 0.021449 0.021449 0.021449 0.46663 0.46663 0.46663 0.46663
115.3 0.021413 0.021413 0.021413 0.021413 0.4626 0.4626 0.4626 0.4626
115.4 0.021378 0.021378 0.021378 0.021378 0.4586 0.4586 0.4586 0.4586
115.5 0.021343 0.021343 0.021343 0.021343 0.45463 0.45463 0.45463 0.45463
115.6 0.021307 0.021307 0.021307 0.021307 0.45069 0.45069 0.45069 0.45069
115.7 0.021272 0.021272 0.021272 0.021272 0.44679 0.44679 0.44679 0.44679
115.8 0.021237 0.021237 0.021237 0.021237 0.44291 0.44291 0.44291 0.44291
115.9 0.021202 0.021202 0.021202 0.021202 0.43907 0.43907 0.43907 0.43907
116 0.021167 0.021167 0.021167 0.021167 0.43526 0.43526 0.43526 0.43526
116.1 0.021132 0.021132 0.021132 0.021132 0.43147 0.43147 0.43147 0.43147
116.2 0.021097 0.021097 0.021097 0.021097 0.42772 0.42772 0.42772 0.42772
116.3 0.021063 0.021063 0.021063 0.021063 0.424 0.424 0.424 0.424
116.4 0.021028 0.021028 0.021028 0.021028 0.4203 0.4203 0.4203 0.4203
116.5 0.020994 0.020994 0.020994 0.020994 0.41664 0.41664 0.41664 0.41664
116.6 0.020959 0.020959 0.020959 0.020959 0.413 0.413 0.413 0.413
116.7 0.020925 0.020925 0.020925 0.020925 0.4094 0.4094 0.4094 0.4094
116.8 0.020891 0.020891 0.020891 0.020891 0.40582 0.40582 0.40582 0.40582
116.9 0.020857 0.020857 0.020857 0.020857 0.40227 0.40227 0.40227 0.40227
117 0.020823 0.020823 0.020823 0.020823 0.39875 0.39875 0.39875 0.39875
117.1 0.020789 0.020789 0.020789 0.020789 0.39526 0.39526 0.39526 0.39526
117.2 0.020755 0.020755 0.020755 0.020755 0.39179 0.39179 0.39179 0.39179
117.3 0.020721 0.020721 0.020721 0.020721 0.38836 0.38836 0.38836 0.38836
117.4 0.020688 0.020688 0.020688 0.020688 0.38495 0.38495 0.38495 0.38495
117.5 0.020654 0.020654 0.020654 0.020654 0.38157 0.38157 0.38157 0.38157
117.6 0.020621 0.020621 0.020621 0.020621 0.37822 0.37822 0.37822 0.37822
117.7 0.020588 0.020588 0.020588 0.020588 0.37489 0.37489 0.37489 0.37489
117.8 0.020554 0.020554 0.020554 0.020554 0.37159 0.37159 0.37159 0.37159
117.9 0.020521 0.020521 0.020521 0.020521 0.36832 0.36832 0.36832 0.36832
118 0.020488 0.020488 0.020488 0.020488 0.36507 0.36507 0.36507 0.36507
118.1 0.020455 0.020455 0.020455 0.020455 0.36185 0.36185 0.36185 0.36185
118.2 0.020422 0.020422 0.020422 0.020422 0.35866 0.35866 0.35866 0.35866
118.3 0.020389 0.020389 0.020389 0.020389 0.35549 0.35549 0.35549 0.35549
118.4 0.020357 0.020357 0.020357 0.020357 0.35235 0.35235 0.35235 0.35235
118.5 0.020324 0.020324 0.020324 0.020324 0.34923 0.34923 0.34923 0.34923
118.6 0.020292 0.020292 0.020292 0.020292 0.34614 0.34614 0.34614 0.34614
118.7 0.020259 0.020259 0.020259 0.020259 0.34307 0.34307 0.34307 0.34307
118.8 0.020227 0.020227 0.020227 0.020227 0.34003 0.34003 0.34003 0.34003
118.9 0.020194 0.020194 0.020194 0.020194 0.33702 0.33702 0.33702 0.33702
119 0.020162 0.020162 0.020162 0.020162 0.33402 0.33402 0.33402 0.33402
119.1 0.02013 0.02013 0.02013 0.02013 0.33106 0.33106 0.33106 0.33106
119.2 0.020098 0.020098 0.020098 0.020098 0.32812 0.32812 0.32812 0.32812
119.3 0.020066 0.020066 0.020066 0.020066 0.3252 0.3252 0.3252 0.3252
119.4 0.020034 0.020034 0.020034 0.020034 0.3223 0.3223 0.3223 0.3223
119.5 0.020003 0.020003 0.020003 0.020003 0.31943 0.31943 0.31943 0.31943
119.6 0.019971 0.019971 0.019971 0.019971 0.31659 0.31659 0.31659 0.31659
119.7 0.01994 0.01994 0.01994 0.01994 0.31377 0.31377 0.31377 0.31377
119.8 0.019908 0.019908 0.019908 0.019908 0.31097 0.31097 0.31097 0.31097
119.9 0.019877 0.019877 0.019877 0.019877 0.30819 0.30819 0.30819 0.30819
120 0.019845 0.019845 0.019845 0.019845 0.30544 0.30544 0.30544 0.30544
120.1 0.019814 0.019814 0.019814 0.019814 0.30271 0.30271 0.30271 0.30271
120.2 0.019783 0.019783 0.019783 0.019783 0.3 0.3 0.3 0.3
120.3 0.019752 0.019752 0.019752 0.019752 0.29731 0.29731 0.29731 0.29731
120.4 0.019721 0.019721 0.019721 0.019721 0.29465 0.29465 0.29465 0.29465
120.5 0.01969 0.01969 0.01969 0.01969 0.29201 0.29201 0.29201 0.29201
120.6 0.019659 0.019659 0.019659 0.019659 0.28939 0.28939 0.28939 0.28939
120.7 0.019629 0.019629 0.019629 0.019629 0.28679 0.28679 0.28679 0.28679
120.8 0.019598 0.019598 0.019598 0.019598 0.28422 0.28422 0.28422 0.28422
120.9 0.019568 0.019568 0.019568 0.019568 0.28167 0.28167 0.28167 0.28167
121 0.019537 0.019537 0.019537 0.019537 0.27913 0.27913 0.27913 0.27913
121.1 0.019507 0.019507 0.019507 0.019507 0.27662 0.27662 0.27662 0.27662
121.2 0.019477 0.019477 0.019477 0.019477 0.27413 0.27413 0.27413 0.27413
121.3 0.019446 0.019446 0.019446 0.019446 0.27166 0.27166 0.27166 0.27166
121.4 0.019416 0.019416 0.019416 0.019416 0.26922 0.26922 0.26922 0.26922
121.5 0.019386 0.019386 0.019386 0.019386 0.26679 0.26679 0.26679 0.26679
121.6 0.019356 0.019356 0.019356 0.019356 0.26438 0.26438 0.26438 0.26438
121.7 0.019326 0.019326 0.019326 0.019326 0.262 0.262 0.262 0.262
121.8 0.019297 0.019297 0.019297 0.019297 0.25963 0.25963 0.25963 0.25963
121.9 0.019267 0.019267 0.019267 0.019267 0.25728 0.25728 0.25728 0.25728
122 0.019237 0.019237 0.019237 0.019237 0.25496 0.25496 0.25496 0.25496
122.1 0.019208 0.019208 0.019208 0.019208 0.25265 0.25265 0.25265 0.25265
122.2 0.019178 0.019178 0.019178 0.019178 0.25036 0.25036 0.25036 0.25036
122.3 0.019149 0.019149 0.019149 0.019149 0.24809 0.24809 0.24809 0.24809
122.4 0.01912 0.01912 0.01912 0.01912 0.24584 0.24584 0.24584 0.24584
122.5 0.019091 0.019091 0.019091 0.019091 0.24361 0.24361 0.24361 0.24361
122.6 0.019062 0.019062 0.019062 0.019062 0.2414 0.2414 0.2414 0.2414
122.7 0.019032 0.019032 0.019032 0.019032 0.23921 0.23921 0.23921 0.23921
122.8 0.019004 0.019004 0.019004 0.019004 0.23704 0.23704 0.23704 0.23704
122.9 0.018975 0.018975 0.018975 0.018975 0.23488 0.23488 0.23488 0.23488
123 0.018946 0.018946 0.018946 0.018946 0.23275 0.23275 0.23275 0.23275
123.1 0.018917 0.018917 0.018917 0.018917 0.23063 0.23063 0.23063 0.23063
123.2 0.018889 0.018889 0.018889 0.018889 0.22853 0.22853 0.22853 0.22853
123.3 0.01886 0.01886 0.01886 0.01886 0.22645 0.22645 0.22645 0.22645
123.4 0.018832 0.018832 0.018832 0.018832 0.22438 0.22438 0.22438 0.22438
123.5 0.018803 0.018803 0.018803 0.018803 0.22234 0.22234 0.22234 0.22234
123.6 0.018775 0.018775 0.018775 0.018775 0.22031 0.22031 0.22031 0.22031
123.7 0.018747 0.018747 0.018747 0.018747 0.2183 0.2183 0.2183 0.2183
123.8 0.018719 0.018719 0.018719 0.018719 0.2163 0.2163 0.2163 0.2163
123.9 0.018691 0.018691 0.018691 0.018691 0.21433 0.21433 0.21433 0.21433
124 0.018663 0.018663 0.018663 0.018663 0.21237 0.21237 0.21237 0.21237
124.1 0.018635 0.018635 0.018635 0.018635 0.21042 0.21042 0.21042 0.21042
124.2 0.018607 0.018607 0.018607 0.018607 0.2085 0.2085 0.2085 0.2085
124.3 0.018579 0.018579 0.018579 0.018579 0.20659 0.20659 0.20659 0.20659
124.4 0.018551 0.018551 0.018551 0.018551 0.2047 0.2047 0.2047 0.2047
124.5 0.018524 0.018524 0.018524 0.018524 0.20282 0.20282 0.20282 0.20282
124.6 0.018496 0.018496 0.018496 0.018496 0.20096 0.20096 0.20096 0.20096
124.7 0.018469 0.018469 0.018469 0.018469 0.19911 0.19911 0.19911 0.19911
124.8 0.018442 0.018442 0.018442 0.018442 0.19729 0.19729 0.19729 0.19729
124.9 0.018414 0.018414 0.018414 0.018414 0.19547 0.19547 0.19547 0.19547
125 0.018387 0.018387 0.018387 0.018387 0.19368 0.19368 0.19368 0.19368
125.1 0.01836 0.01836 0.01836 0.01836 0.1919 0.1919 0.1919 0.1919
125.2 0.018333 0.018333 0.018333 0.018333 0.19013 0.19013 0.19013 0.19013
125.3 0.018306 0.018306 0.018306 0.018306 0.18838 0.18838 0.18838 0.18838
125.4 0.018279 0.018279 0.018279 0.018279 0.18665 0.18665 0.18665 0.18665
125.5 0.018252 0.018252 0.018252 0.018252 0.18493 0.18493 0.18493 0.18493
125.6 0.018226 0.018226 0.018226 0.018226 0.18322 0.18322 0.18322 0.18322
125.7 0.018199 0.018199 0.018199 0.018199 0.18153 0.18153 0.18153 0.18153
125.8 0.018173 0.018173 0.018173 0.018173 0.17986 0.17986 0.17986 0.17986
125.9 0.018146 0.018146 0.018146 0.018146 0.1782 0.1782 0.1782 0.1782
126 0.01812 0.01812 0.01812 0.01812 0.17655 0.17655 0.17655 0.17655
126.1 0.018093 0.018093 0.018093 0.018093 0.17492 0.17492 0.17492 0.17492
126.2 0.018067 0.018067 0.018067 0.018067 0.1733 0.1733 0.1733 0.1733
126.3 0.018041 0.018041 0.018041 0.018041 0.1717 0.1717 0.1717 0.1717
126.4 0.018015 0.018015 0.018015 0.018015 0.17011 0.17011 0.17011 0.17011
126.5 0.017989 0.017989 0.017989 0.017989 0.16854 0.16854 0.16854 0.16854
126.6 0.017963 0.017963 0.017963 0.017963 0.16697 0.16697 0.16697 0.16697
126.7 0.017937 0.017937 0.017937 0.017937 0.16543 0.16543 0.16543 0.16543
126.8 0.017911 0.017911 0.017911 0.017911 0.16389 0.16389 0.16389 0.16389
126.9 0.017885 0.017885 0.017885 0.017885 0.16237 0.16237 0.16237 0.16237
127 0.01786 0.01786 0.01786 0.01786 0.16087 0.16087 0.16087 0.16087
127.1 0.017834 0.017834 0.017834 0.017834 0.15937 0.15937 0.15937 0.15937
127.2 0.017809 0.017809 0.017809 0.017809 0.15789 0.15789 0.15789 0.15789
127.3 0.017783 0.017783 0.017783 0.017783 0.15643 0.15643 0.15643 0.15643
127.4 0.017758 0.017758 0.017758 0.017758 0.15497 0.15497 0.15497 0.15497
127.5 0.017733 0.017733 0.017733 0.017733 0.15353 0.15353 0.15353 0.15353
127.6 0.017707 0.017707 0.017707 0.017707 0.1521 0.1521 0.1521 0.1521
127.7 0.017682 0.017682 0.017682 0.017682 0.15069 0.15069 0.15069 0.15069
127.8 0.017657 0.017657 0.017657 0.017657 0.14928 0.14928 0.14928 0.14928
127.9 0.017632 0.017632 0.017632 0.017632 0.14789 0.14789 0.14789 0.14789
128 0.017607 0.017607 0.017607 0.017607 0.14652 0.14652 0.14652 0.14652
128.1 0.017582 0.017582 0.017582 0.017582 0.14515 0.14515 0.14515 0.14515
128.2 0.017558 0.017558 0.017558 0.017558 0.1438 0.1438 0.1438 0.1438
128.3 0.017533 0.017533 0.017533 0.017533 0.14245 0.14245 0.14245 0.14245
128.4 0.017508 0.017508 0.017508 0.017508 0.14112 0.14112 0.14112 0.14112
128.5 0.017484 0.017484 0.017484 0.017484 0.13981 0.13981 0.13981 0.13981
128.6 0.017459 0.017459 0.017459 0.017459 0.1385 0.1385 0.1385 0.1385
128.7 0.017435 0.017435 0.017435 0.017435 0.13721 0.13721 0.13721 0.13721
128.8 0.017411 0.017411 0.017411 0.017411 0.13592 0.13592 0.13592 0.13592
128.9 0.017386 0.017386 0.017386 0.017386 0.13465 0.13465 0.13465 0.13465
129 0.017362 0.017362 0.017362 0.017362 0.13339 0.13339 0.13339 0.13339
129.1 0.017338 0.017338 0.017338 0.017338 0.13214 0.13214 0.13214 0.13214
129.2 0.017314 0.017314 0.017314 0.017314 0.13091 0.13091 0.13091 0.13091
129.3 0.01729 0.01729 0.01729 0.01729 0.12968 0.12968 0.12968 0.12968
129.4 0.017266 0.017266 0.017266 0.017266 0.12846 0.12846 0.12846 0.12846
129.5 0.017242 0.017242 0.017242 0.017242 0.12726 0.12726 0.12726 0.12726
129.6 0.017218 0.017218 0.017218 0.017218 0.12606 0.12606 0.12606 0.12606
129.7 0.017195 0.017195 0.017195 0.017195 0.12488 0.12488 0.12488 0.12488
129.8 0.017171 0.017171 0.017171 0.017171 0.12371 0.12371 0.12371 0.12371
129.9 0.017148 0.017148 0.017148 0.017148 0.12255 0.12255 0.12255 0.12255
130 0.017124 0.017124 0.017124 0.017124 0.1214 0.1214 0.1214 0.1214
130.1 0.017101 0.017101 0.017101 0.017101 0.12026 0.12026 0.12026 0.12026
130.2 0.017077 0.017077 0.017077 0.017077 0.11912 0.11912 0.11912 0.11912
130.3 0.017054 0.017054 0.017054 0.017054 0.118 0.118 0.118 0.118
130.4 0.017031 0.017031 0.017031 0.017031 0.11689 0.11689 0.11689 0.11689
130.5 0.017008 0.017008 0.017008 0.017008 0.11579 0.11579 0.11579 0.11579
130.6 0.016985 0.016985 0.016985 0.016985 0.1147 0.1147 0.1147 0.1147
130.7 0.016962 0.016962 0.016962 0.016962 0.11362 0.11362 0.11362 0.11362
130.8 0.016939 0.016939 0.016939 0.016939 0.11255 0.11255 0.11255 0.11255
130.9 0.016916 0.016916 0.016916 0.016916 0.11149 0.11149 0.11149 0.11149
131 0.016893 0.016893 0.016893 0.016893 0.11044 0.11044 0.11044 0.11044
131.1 0.016871 0.016871 0.016871 0.016871 0.1094 0.1094 0.1094 0.1094
131.2 0.016848 0.016848 0.016848 0.016848 0.10837 0.10837 0.10837 0.10837
131.3 0.016825 0.016825 0.016825 0.016825 0.10734 0.10734 0.10734 0.10734
131.4 0.016803 0.016803 0.016803 0.016803 0.10633 0.10633 0.10633 0.10633
131.5 0.01678 0.01678 0.01678 0.01678 0.10532 0.10532 0.10532 0.10532
131.6 0.016758 0.016758 0.016758 0.016758 0.10433 0.10433 0.10433 0.10433
131.7 0.016736 0.016736 0.016736 0.016736 0.10334 0.10334 0.10334 0.10334
131.8 0.016713 0.016713 0.016713 0.016713 0.10237 0.10237 0.10237 0.10237
131.9 0.016691 0.016691 0.016691 0.016691 0.1014 0.1014 0.1014 0.1014
132 0.016669 0.016669 0.016669 0.016669 0.10044 0.10044 0.10044 0.10044
132.1 0.016647 0.016647 0.016647 0.016647 0.099487 0.099487 0.099487 0.099487
132.2 0.016625 0.016625 0.016625 0.016625 0.098545 0.098545 0.098545 0.098545
132.3 0.016603 0.016603 0.016603 0.016603 0.097612 0.097612 0.097612 0.097612
132.4 0.016582 0.016582 0.016582 0.016582 0.096687 0.096687 0.096687 0.096687
132.5 0.01656 0.01656 0.01656 0.01656 0.09577 0.09577 0.09577 0.09577
132.6 0.016538 0.016538 0.016538 0.016538 0.094862 0.094862 0.094862 0.094862
132.7 0.016516 0.016516 0.016516 0.016516 0.093962 0.093962 0.093962 0.093962
132.8 0.016495 0.016495 0.016495 0.016495 0.093071 0.093071 0.093071 0.093071
132.9 0.016473 0.016473 0.016473 0.016473 0.092187 0.092187 0.092187 0.092187
133 0.016452 0.016452 0.016452 0.016452 0.091312 0.091312 0.091312 0.091312
133.1 0.016431 0.016431 0.016431 0.016431 0.090445 0.090445 0.090445 0.090445
133.2 0.016409 0.016409 0.016409 0.016409 0.089586 0.089586 0.089586 0.089586
133.3 0.016388 0.016388 0.016388 0.016388 0.088734 0.088734 0.088734 0.088734
133.4 0.016367 0.016367 0.016367 0.016367 0.087891 0.087891 0.087891 0.087891
133.5 0.016346 0.016346 0.016346 0.016346 0.087055 0.087055 0.087055 0.087055
133.6 0.016325 0.016325 0.016325 0.016325 0.086227 0.086227 0.086227 0.086227
133.7 0.016304 0.016304 0.016304 0.016304 0.085406 0.085406 0.085406 0.085406
133.8 0.016283 0.016283 0.016283 0.016283 0.084593 0.084593 0.084593 0.084593
133.9 0.016262 0.016262 0.016262 0.016262 0.083788 0.083788 0.083788 0.083788
134 0.016241 0.016241 0.016241 0.016241 0.08299 0.08299 0.08299 0.08299
134.1 0.016221 0.016221 0.016221 0.016221 0.082199 0.082199 0.082199 0.082199
134.2 0.0162 0.0162 0.0162 0.0162 0.081416 0.081416 0.081416 0.081416
134.3 0.016179 0.016179 0.016179 0.016179 0.08064 0.08064 0.08064 0.08064
134.4 0.016159 0.016159 0.016159 0.016159 0.079871 0.079871 0.079871 0.079871
134.5 0.016139 0.016139 0.016139 0.016139 0.079109 0.079109 0.079109 0.079109
134.6 0.016118 0.016118 0.016118 0.016118 0.078354 0.078354 0.078354 0.078354
134.7 0.016098 0.016098 0.016098 0.016098 0.077607 0.077607 0.077607 0.077607
134.8 0.016078 0.016078 0.016078 0.016078 0.076866 0.076866 0.076866 0.076866
134.9 0.016057 0.016057 0.016057 0.016057 0.076132 0.076132 0.076132 0.076132
135 0.016037 0.016037 0.016037 0.016037 0.075404 0.075404 0.075404 0.075404
135.1 0.016017 0.016017 0.016017 0.016017 0.074684 0.074684 0.074684 0.074684
135.2 0.015997 0.015997 0.015997 0.015997 0.07397 0.07397 0.07397 0.07397
135.3 0.015977 0.015977 0.015977 0.015977 0.073263 0.073263 0.073263 0.073263
135.4 0.015957 0.015957 0.015957 0.015957 0.072562 0.072562 0.072562 0.072562
135.5 0.015938 0.015938 0.015938 0.015938 0.071868 0.071868 0.071868 0.071868
135.6 0.015918 0.015918 0.015918 0.015918 0.071181 0.071181 0.071181 0.071181
135.7 0.015898 0.015898 0.015898 0.015898 0.070499 0.070499 0.070499 0.070499
135.8 0.015879 0.015879 0.015879 0.015879 0.069825 0.069825 0.069825 0.069825
135.9 0.015859 0.015859 0.015859 0.015859 0.069156 0.069156 0.069156 0.069156
136 0.01584 0.01584 0.01584 0.01584 0.068493 0.068493 0.068493 0.068493
136.1 0.01582 0.01582 0.01582 0.01582 0.067837 0.067837 0.067837 0.067837
136.2 0.015801 0.015801 0.015801 0.015801 0.067187 0.067187 0.067187 0.067187
136.3 0.015782 0.015782 0.015782 0.015782 0.066543 0.066543 0.066543 0.066543
136.4 0.015762 0.015762 0.015762 0.015762 0.065905 0.065905 0.065905 0.065905
136.5 0.015743 0.015743 0.015743 0.015743 0.065273 0.065273 0.065273 0.065273
136.6 0.015724 0.015724 0.015724 0.015724 0.064647 0.064647 0.064647 0.064647
136.7 0.015705 0.015705 0.015705 0.015705 0.064026 0.064026 0.064026 0.064026
136.8 0.015686 0.015686 0.015686 0.015686 0.063412 0.063412 0.063412 0.063412
136.9 0.015667 0.015667 0.015667 0.015667 0.062803 0.062803 0.062803 0.062803
137 0.015648 0.015648 0.015648 0.015648 0.0622 0.0622 0.0622 0.0622
137.1 0.015629 0.015629 0.015629 0.015629 0.061603 0.061603 0.061603 0.061603
137.2 0.015611 0.015611 0.015611 0.015611 0.061011 0.061011 0.061011 0.061011
137.3 0.015592 0.015592 0.015592 0.015592 0.060424 0.060424 0.060424 0.060424
137.4 0.015573 0.015573 0.015573 0.015573 0.059844 0.059844 0.059844 0.059844
137.5 0.015555 0.015555 0.015555 0.015555 0.059268 0.059268 0.059268 0.059268
